1880.000000 0.179464
1880.083333 -2.450661
1880.166667 -0.913806
1880.250000 0.271300
1880.333333 0.447092
1880.416667 0.595778
1880.500000 1.938037
1880.583333 0.884626
1880.666667 -0.524583
1880.750000 -0.410520
1880.833333 -0.204918
1880.916667 -0.842061
1881.000000 -1.115933
1881.083333 0.305429
1881.166667 0.836866
1881.250000 -0.145003
1881.333333 0.020280
1881.416667 -1.164825
1881.500000 -0.473348
1881.583333 -0.203036
1881.666667 0.157310
1881.750000 0.363189
1881.833333 0.598681
1881.916667 1.525576
1882.000000 1.760665
1882.083333 1.191088
1882.166667 -1.238268
1882.250000 -1.029469
1882.333333 -0.259514
1882.416667 0.847465
1882.500000 -0.447377
1882.583333 -0.705287
1882.666667 -0.702666
1882.750000 -1.011981
1882.833333 -0.176112
1882.916667 1.601985
1883.000000 0.664030
1883.083333 -0.366784
1883.166667 -1.062245
1883.250000 -0.584427
1883.333333 -1.271698
1883.416667 -0.502837
1883.500000 0.229074
1883.583333 1.729644
1883.666667 1.230230
1883.750000 -0.045430
1883.833333 -1.464365
1883.916667 -1.064780
1884.000000 1.538336
1884.083333 1.928586
1884.166667 -0.683085
1884.250000 -1.038457
1884.333333 -0.713423
1884.416667 0.562441
1884.500000 0.290385
1884.583333 -0.109200
1884.666667 0.375139
1884.750000 1.436162
1884.833333 -0.099459
1884.916667 -1.035341
1885.000000 -0.891949
1885.083333 0.744294
1885.166667 0.039572
1885.250000 -0.795261
1885.333333 0.228711
1885.416667 1.048630
1885.500000 0.999985
1885.583333 -1.109990
1885.666667 -1.356191
1885.750000 -1.084934
1885.833333 -0.030934
1885.916667 1.263224
1886.000000 1.381916
1886.083333 -0.391759
1886.166667 -0.638831
1886.250000 0.633902
1886.333333 -0.148673
1886.416667 -0.438987
1886.500000 0.000470
1886.583333 0.453655
1886.666667 -0.806298
1886.750000 -2.146280
1886.833333 0.185181
1886.916667 2.159727
1887.000000 1.672228
1887.083333 0.153116
1887.166667 -1.288754
1887.250000 -0.937630
1887.333333 -0.994189
1887.416667 -0.110089
1887.500000 1.167162
1887.583333 0.820705
1887.666667 -0.393605
1887.750000 -0.441023
1887.833333 0.538031
1887.916667 1.349713
1888.000000 -0.582884
1888.083333 -1.210493
1888.166667 -1.260236
1888.250000 0.333330
1888.333333 1.805464
1888.416667 0.871062
1888.500000 -1.063662
1888.583333 0.079833
1888.666667 0.063914
1888.750000 -0.598927
1888.833333 0.145633
1888.916667 -0.644762
1889.000000 -0.495351
1889.083333 -0.886204
1889.166667 0.938316
1889.250000 1.993372
1889.333333 1.220606
1889.416667 -0.221485
1889.500000 -0.427679
1889.583333 -1.745452
1889.666667 -0.737596
1889.750000 0.433369
1889.833333 1.676113
1889.916667 -0.184338
1890.000000 -2.170462
1890.083333 -1.274832
1890.166667 1.881907
1890.250000 0.612949
1890.333333 0.254089
1890.416667 -0.072710
1890.500000 -0.277125
1890.583333 -0.015733
1890.666667 0.193451
1890.750000 -0.825774
1890.833333 -1.015029
1890.916667 1.992253
1891.000000 1.677557
1891.083333 -0.119133
1891.166667 -1.326332
1891.250000 -1.488874
1891.333333 0.012377
1891.416667 -0.047967
1891.500000 -0.072105
1891.583333 -0.783738
1891.666667 0.425374
1891.750000 2.008014
1891.833333 0.485704
1891.916667 -0.990617
1892.000000 -1.208470
1892.083333 0.264285
1892.166667 1.184683
1892.250000 -0.142614
1892.333333 -1.404589
1892.416667 -0.442761
1892.500000 0.833007
1892.583333 0.866107
1892.666667 0.578447
1892.750000 -0.164839
1892.833333 -1.622482
1892.916667 -0.635180
1893.000000 1.870652
1893.083333 1.591932
1893.166667 0.315246
1893.250000 2.000772
1893.333333 0.174161
1893.416667 -2.364438
1893.500000 -2.909414
1893.583333 -1.222980
1893.666667 0.557687
1893.750000 1.484272
1893.833333 0.296387
1893.916667 0.452082
1894.000000 -1.037910
1894.083333 0.142320
1894.166667 0.674855
1894.250000 0.445750
1894.333333 -0.229588
1894.416667 -0.085802
1894.500000 -1.087571
1894.583333 -1.389854
1894.666667 0.281165
1894.750000 1.419753
1894.833333 1.808570
1894.916667 0.253713
1895.000000 0.187393
1895.083333 0.954804
1895.166667 -0.730374
1895.250000 -2.339594
1895.333333 -1.573790
1895.416667 0.980926
1895.500000 0.900550
1895.583333 -0.059965
1895.666667 -0.545312
1895.750000 0.749376
1895.833333 2.037311
1895.916667 0.405184
1896.000000 -1.561219
1896.083333 -0.884236
1896.166667 1.777016
1896.250000 0.269178
1896.333333 -1.541736
1896.416667 -1.590261
1896.500000 -0.018437
1896.583333 1.135748
1896.666667 0.344215
1896.750000 -0.386651
1896.833333 -0.068369
1896.916667 0.298211
1897.000000 0.136290
1897.083333 -0.213298
1897.166667 0.516780
1897.250000 0.089652
1897.333333 -0.137283
1897.416667 -1.689572
1897.500000 -0.079519
1897.583333 0.253677
1897.666667 0.343343
1897.750000 0.055474
1897.833333 -0.007493
1897.916667 0.178007
1898.000000 0.596668
1898.083333 -0.021075
1898.166667 -0.882456
1898.250000 0.079645
1898.333333 -0.884650
1898.416667 -0.647551
1898.500000 0.708236
1898.583333 1.837739
1898.666667 1.432526
1898.750000 -0.126622
1898.833333 -0.168428
1898.916667 -0.455368
1899.000000 -1.513209
1899.083333 -0.663262
1899.166667 1.062500
1899.250000 0.289853
1899.333333 -1.057212
1899.416667 0.301926
1899.500000 1.301650
1899.583333 0.933107
1899.666667 -0.318296
1899.750000 -0.212978
1899.833333 -0.756935
1899.916667 -0.344922
1900.000000 -0.906079
1900.083333 0.391201
1900.166667 1.010276
1900.250000 -0.759463
1900.333333 -0.431606
1900.416667 0.561036
1900.500000 1.090334
1900.583333 0.091200
1900.666667 -0.192848
1900.750000 -0.067408
1900.833333 -0.140413
1900.916667 -0.199257
1901.000000 0.479913
1901.083333 -0.504142
1901.166667 0.030813
1901.250000 -1.351302
1901.333333 -1.100132
1901.416667 -0.162884
1901.500000 1.280046
1901.583333 2.036227
1901.666667 -0.218617
1901.750000 -2.640339
1901.833333 -1.308850
1901.916667 2.121427
1902.000000 1.916653
1902.083333 -0.532330
1902.166667 -1.463964
1902.250000 0.593172
1902.333333 -0.770299
1902.416667 0.114270
1902.500000 0.557670
1902.583333 1.193160
1902.666667 -0.133463
1902.750000 -0.707259
1902.833333 0.259447
1902.916667 0.094799
1903.000000 -0.885554
1903.083333 -0.481522
1903.166667 0.344764
1903.250000 -0.184223
1903.333333 -0.059793
1903.416667 0.536371
1903.500000 0.315225
1903.583333 -0.452465
1903.666667 1.160644
1903.750000 0.991993
1903.833333 -0.699872
1903.916667 -2.515940
1904.000000 -0.848536
1904.083333 1.023558
1904.166667 1.087879
1904.250000 0.463208
1904.333333 -0.159532
1904.416667 -0.320034
1904.500000 -0.212993
1904.583333 0.596591
1904.666667 0.577970
1904.750000 0.831959
1904.833333 0.437525
1904.916667 -1.131198
1905.000000 -0.776176
1905.083333 -0.782273
1905.166667 -0.416878
1905.250000 0.506834
1905.333333 1.656734
1905.416667 0.649423
1905.500000 -1.136654
1905.583333 -1.508991
1905.666667 0.460017
1905.750000 1.603336
1905.833333 -0.040199
1905.916667 -0.811633
1906.000000 0.353622
1906.083333 0.869964
1906.166667 -0.202900
1906.250000 -1.694252
1906.333333 0.256063
1906.416667 1.896730
1906.500000 -0.690805
1906.583333 -2.038351
1906.666667 -0.512640
1906.750000 1.789781
1906.833333 1.592781
1906.916667 -1.067933
1907.000000 -1.378384
1907.083333 -1.506370
1907.166667 1.169909
1907.250000 2.137498
1907.333333 2.130558
1907.416667 -0.880676
1907.500000 -1.332341
1907.583333 -1.238009
1907.666667 -1.816301
1907.750000 -0.955928
1907.833333 1.169028
1907.916667 1.909590
1908.000000 0.825314
1908.083333 -0.314953
1908.166667 0.523184
1908.250000 -0.331735
1908.333333 -1.397362
1908.416667 -0.459273
1908.500000 0.654998
1908.583333 0.498253
1908.666667 0.288257
1908.750000 -0.308427
1908.833333 0.578829
1908.916667 0.749778
1909.000000 -0.031723
1909.083333 -2.232239
1909.166667 -2.066285
1909.250000 1.137858
1909.333333 1.924869
1909.416667 -0.071391
1909.500000 -0.511919
1909.583333 0.234957
1909.666667 0.827639
1909.750000 0.140973
1909.833333 -0.977734
1909.916667 -0.812909
1910.000000 0.549950
1910.083333 1.954654
1910.166667 -0.285471
1910.250000 -1.303546
1910.333333 -0.671020
1910.416667 1.160367
1910.500000 1.167200
1910.583333 0.018457
1910.666667 -1.612540
1910.750000 -1.413911
1910.833333 0.619032
1910.916667 2.408657
1911.000000 1.816551
1911.083333 -2.196003
1911.166667 -1.608992
1911.250000 -0.646894
1911.333333 0.165882
1911.416667 0.523221
1911.500000 0.569529
1911.583333 -0.450894
1911.666667 -1.697194
1911.750000 -0.897393
1911.833333 1.753632
1911.916667 2.308214
1912.000000 -0.228546
1912.083333 -0.941055
1912.166667 -0.942121
1912.250000 0.441515
1912.333333 0.465711
1912.416667 1.577199
1912.500000 -0.158817
1912.583333 -0.961166
1912.666667 -1.469310
1912.750000 -0.313027
1912.833333 0.375980
1912.916667 0.363759
1913.000000 1.682461
1913.083333 0.405221
1913.166667 -1.286503
1913.250000 -0.868331
1913.333333 0.607746
1913.416667 -0.428619
1913.500000 -0.370215
1913.583333 0.145035
1913.666667 0.969231
1913.750000 1.622122
1913.833333 0.212194
1913.916667 -1.270584
1914.000000 -2.071405
1914.083333 -0.216421
1914.166667 0.568406
1914.250000 0.164426
1914.333333 -0.716898
1914.416667 -0.179480
1914.500000 2.278458
1914.583333 1.241290
1914.666667 -1.047361
1914.750000 -1.176650
1914.833333 0.321842
1914.916667 1.084918
1915.000000 -1.303788
1915.083333 -1.809583
1915.166667 -1.107605
1915.250000 0.930960
1915.333333 2.028600
1915.416667 0.883013
1915.500000 -1.418356
1915.583333 -0.997248
1915.666667 1.265289
1915.750000 1.523943
1915.833333 0.691058
1915.916667 0.140974
1916.000000 -0.408941
1916.083333 -0.823235
1916.166667 -1.504240
1916.250000 -1.233278
1916.333333 -0.076274
1916.416667 0.857552
1916.500000 1.172354
1916.583333 1.231907
1916.666667 1.015834
1916.750000 -0.583998
1916.833333 -0.171939
1916.916667 0.258749
1917.000000 -0.185380
1917.083333 -0.002069
1917.166667 -0.691351
1917.250000 -0.742313
1917.333333 0.347755
1917.416667 -0.865686
1917.500000 -1.300355
1917.583333 0.552502
1917.666667 2.269707
1917.750000 0.563314
1917.833333 -1.131612
1917.916667 -0.767105
1918.000000 0.213563
1918.083333 0.172161
1918.166667 0.687569
1918.250000 0.577504
1918.333333 -0.912561
1918.416667 -1.324239
1918.500000 -0.323904
1918.583333 0.300980
1918.666667 0.038118
1918.750000 0.723275
1918.833333 -1.086350
1918.916667 -1.796622
1919.000000 -0.388998
1919.083333 2.816562
1919.166667 0.922382
1919.250000 0.775552
1919.333333 -0.335806
1919.416667 -0.692895
1919.500000 -0.256077
1919.583333 0.300879
1919.666667 0.371831
1919.750000 0.995154
1919.833333 1.087929
1919.916667 -1.565094
1920.000000 -1.637776
1920.083333 -0.568439
1920.166667 0.226565
1920.250000 -0.143884
1920.333333 0.545350
1920.416667 0.803114
1920.500000 1.462559
1920.583333 0.831528
1920.666667 0.368018
1920.750000 -1.180908
1920.833333 -2.223942
1920.916667 -1.172141
1921.000000 0.360463
1921.083333 0.351732
1921.166667 -0.451328
1921.250000 -0.050336
1921.333333 0.169760
1921.416667 -0.619678
1921.500000 -0.780935
1921.583333 0.593072
1921.666667 1.332982
1921.750000 0.305258
1921.833333 -0.769926
1921.916667 0.080115
1922.000000 1.787769
1922.083333 2.244446
1922.166667 -0.222194
1922.250000 -1.395454
1922.333333 -1.122496
1922.416667 0.994937
1922.500000 -1.299557
1922.583333 -0.001548
1922.666667 1.223499
1922.750000 1.430158
1922.833333 -1.328132
1922.916667 -1.604954
1923.000000 -0.218933
1923.083333 0.795456
1923.166667 0.566134
1923.250000 -0.409830
1923.333333 0.495357
1923.416667 0.358745
1923.500000 -1.234554
1923.583333 -0.530420
1923.666667 0.949849
1923.750000 0.350247
1923.833333 -1.046689
1923.916667 -0.707311
1924.000000 0.522191
1924.083333 1.836669
1924.166667 0.860166
1924.250000 -1.423604
1924.333333 -0.448420
1924.416667 0.081090
1924.500000 -0.330256
1924.583333 -0.818885
1924.666667 -0.232279
1924.750000 1.158518
1924.833333 0.285889
1924.916667 -1.051412
1925.000000 -0.589175
1925.083333 0.528853
1925.166667 0.669153
1925.250000 -1.254068
1925.333333 -0.884168
1925.416667 1.362796
1925.500000 2.497370
1925.583333 0.813724
1925.666667 -1.189433
1925.750000 -0.391001
1925.833333 -0.430312
1925.916667 -0.856947
1926.000000 -1.049887
1926.083333 -0.878608
1926.166667 -0.197451
1926.250000 1.569717
1926.333333 1.334103
1926.416667 0.021239
1926.500000 -0.862026
1926.583333 0.515673
1926.666667 1.190301
1926.750000 -0.199210
1926.833333 -1.777686
1926.916667 -0.440665
1927.000000 1.524314
1927.083333 0.300901
1927.166667 0.216522
1927.250000 0.122205
1927.333333 -0.625755
1927.416667 -0.452102
1927.500000 0.903716
1927.583333 1.267910
1927.666667 -0.767608
1927.750000 -1.569933
1927.833333 -1.354989
1927.916667 0.250579
1928.000000 1.259461
1928.083333 1.262474
1928.166667 -0.265527
1928.250000 -1.877467
1928.333333 -1.665581
1928.416667 0.569920
1928.500000 2.040259
1928.583333 1.747872
1928.666667 0.716369
1928.750000 0.429017
1928.833333 -0.884778
1928.916667 -1.650992
1929.000000 -0.485888
1929.083333 0.381558
1929.166667 0.682433
1929.250000 -0.429605
1929.333333 -1.177856
1929.416667 -0.281258
1929.500000 1.195713
1929.583333 0.467142
1929.666667 0.112704
1929.750000 -0.386152
1929.833333 -0.472055
1929.916667 -1.157727
1930.000000 -0.517615
1930.083333 1.056506
1930.166667 2.083790
1930.250000 1.047651
1930.333333 -0.767747
1930.416667 -0.877059
1930.500000 -0.658988
1930.583333 -1.126014
1930.666667 -0.251606
1930.750000 1.377119
1930.833333 0.689688
1930.916667 -0.257298
1931.000000 -0.752479
1931.083333 -1.081408
1931.166667 0.040807
1931.250000 -0.286633
1931.333333 -0.694760
1931.416667 0.082900
1931.500000 1.176889
1931.583333 2.039740
1931.666667 1.112257
1931.750000 -0.198333
1931.833333 -1.542623
1931.916667 -0.920875
1932.000000 -0.235400
1932.083333 0.285436
1932.166667 -0.068618
1932.250000 0.007756
1932.333333 0.312657
1932.416667 -0.582442
1932.500000 -0.038654
1932.583333 1.299236
1932.666667 0.126580
1932.750000 -1.763806
1932.833333 -0.342292
1932.916667 2.165121
1933.000000 0.956798
1933.083333 0.111542
1933.166667 -0.021768
1933.250000 -1.001830
1933.333333 -1.843061
1933.416667 -0.157721
1933.500000 1.076174
1933.583333 0.713460
1933.666667 -0.529059
1933.750000 -1.398920
1933.833333 0.281855
1933.916667 0.769318
1934.000000 0.989399
1934.083333 0.727690
1934.166667 -0.160351
1934.250000 -0.337405
1934.333333 -0.451244
1934.416667 -0.315030
1934.500000 0.354585
1934.583333 0.907818
1934.666667 0.422881
1934.750000 -0.571937
1934.833333 0.315570
1934.916667 -0.399400
1935.000000 -1.088337
1935.083333 -1.091492
1935.166667 -0.788284
1935.250000 0.473868
1935.333333 1.280222
1935.416667 0.107258
1935.500000 1.075528
1935.583333 -0.280915
1935.666667 -1.101304
1935.750000 -1.758360
1935.833333 0.222479
1935.916667 -0.010283
1936.000000 0.389214
1936.083333 1.450539
1936.166667 1.136772
1936.250000 -0.139011
1936.333333 -1.157540
1936.416667 -0.979171
1936.500000 -0.220388
1936.583333 0.314060
1936.666667 0.678299
1936.750000 0.804497
1936.833333 0.895356
1936.916667 0.388174
1937.000000 -0.727044
1937.083333 -1.380689
1937.166667 -1.598787
1937.250000 -0.120736
1937.333333 0.338997
1937.416667 0.443067
1937.500000 0.963655
1937.583333 0.284580
1937.666667 -0.023691
1937.750000 0.530848
1937.833333 1.222310
1937.916667 0.091089
1938.000000 -2.187891
1938.083333 -0.991696
1938.166667 1.601278
1938.250000 1.704886
1938.333333 0.858633
1938.416667 -1.158378
1938.500000 -2.287446
1938.583333 -0.769305
1938.666667 1.711108
1938.750000 1.713572
1938.833333 -1.057994
1938.916667 -1.578987
1939.000000 -0.602770
1939.083333 -0.263845
1939.166667 0.420968
1939.250000 0.155108
1939.333333 1.148299
1939.416667 0.841171
1939.500000 -0.203282
1939.583333 -0.412789
1939.666667 -0.215368
1939.750000 0.394805
1939.833333 -0.331560
1939.916667 -0.765472
1940.000000 0.620329
1940.083333 0.641473
1940.166667 -1.189701
1940.250000 -0.727345
1940.333333 -0.846659
1940.416667 -0.214146
1940.500000 1.066238
1940.583333 1.298324
1940.666667 0.292135
1940.750000 -0.426244
1940.833333 -0.611604
1940.916667 -0.566589
1941.000000 1.120334
1941.083333 1.719915
1941.166667 -0.746500
1941.250000 -1.962990
1941.333333 -0.994001
1941.416667 0.925282
1941.500000 1.247367
1941.583333 0.602189
1941.666667 0.009048
1941.750000 -1.301490
1941.833333 -0.722299
1941.916667 1.687990
1942.000000 1.136335
1942.083333 -0.711954
1942.166667 -1.132492
1942.250000 -2.111263
1942.333333 -0.122276
1942.416667 1.590228
1942.500000 1.545043
1942.583333 0.239059
1942.666667 0.059540
1942.750000 -0.208688
1942.833333 0.263323
1942.916667 0.161615
1943.000000 -0.576633
1943.083333 -0.725845
1943.166667 0.341038
1943.250000 0.640556
1943.333333 1.238861
1943.416667 0.153218
1943.500000 -0.538443
1943.583333 -0.686764
1943.666667 -1.461389
1943.750000 -1.053350
1943.833333 0.762234
1943.916667 0.922833
1944.000000 0.017755
1944.083333 -1.001883
1944.166667 -0.068769
1944.250000 0.146469
1944.333333 0.625373
1944.416667 1.142995
1944.500000 0.297733
1944.583333 -1.663992
1944.666667 -1.143552
1944.750000 0.227401
1944.833333 -1.203545
1944.916667 -0.297099
1945.000000 -0.286208
1945.083333 1.189755
1945.166667 2.177268
1945.250000 1.441325
1945.333333 -0.764826
1945.416667 -0.657785
1945.500000 0.316324
1945.583333 1.211830
1945.666667 0.315433
1945.750000 -0.304747
1945.833333 -0.084001
1945.916667 -1.301887
1946.000000 -0.841264
1946.083333 1.181126
1946.166667 1.010134
1946.250000 -0.235517
1946.333333 -1.134422
1946.416667 -0.850082
1946.500000 0.140341
1946.583333 -0.595787
1946.666667 0.171818
1946.750000 0.922064
1946.833333 -0.377276
1946.916667 -2.170192
1947.000000 0.766994
1947.083333 1.215172
1947.166667 0.416636
1947.250000 -0.135594
1947.333333 0.489399
1947.416667 0.593878
1947.500000 0.919564
1947.583333 -0.745576
1947.666667 -1.545134
1947.750000 -2.303173
1947.833333 -0.772152
1947.916667 1.019882
1948.000000 1.940413
1948.083333 0.860462
1948.166667 1.005512
1948.250000 0.222873
1948.333333 0.229882
1948.416667 -0.729680
1948.500000 -1.530783
1948.583333 -1.406442
1948.666667 0.890274
1948.750000 -0.012762
1948.833333 0.303888
1948.916667 -0.359802
1949.000000 0.455440
1949.083333 0.056079
1949.166667 0.572386
1949.250000 0.785841
1949.333333 -0.485279
1949.416667 -1.589078
1949.500000 -1.159195
1949.583333 1.776316
1949.666667 1.920380
1949.750000 0.173054
1949.833333 -0.815812
1949.916667 0.114769
1950.000000 -0.395826
1950.083333 0.427605
1950.166667 -0.344687
1950.250000 -0.855333
1950.333333 0.629734
1950.416667 0.611355
1950.500000 0.747634
1950.583333 -0.444802
1950.666667 -1.321403
1950.750000 -0.843818
1950.833333 0.181415
1950.916667 0.362649
1951.000000 -0.522826
1951.083333 -0.101918
1951.166667 -0.299255
1951.250000 0.788790
1951.333333 0.986188
1951.416667 0.203384
1951.500000 -0.883480
1951.583333 -0.576757
1951.666667 -0.257082
1951.750000 0.004768
1951.833333 -0.202280
1951.916667 0.963197
1952.000000 1.844885
1952.083333 1.047412
1952.166667 -0.925447
1952.250000 -0.955966
1952.333333 -0.488331
1952.416667 0.181122
1952.500000 0.765340
1952.583333 -0.113162
1952.666667 -1.806277
1952.750000 -1.033657
1952.833333 0.393151
1952.916667 0.395657
1953.000000 -0.452199
1953.083333 -1.030588
1953.166667 -0.781196
1953.250000 0.575198
1953.333333 2.756032
1953.416667 1.834615
1953.500000 -0.665353
1953.583333 -1.536367
1953.666667 -1.030864
1953.750000 -0.440865
1953.833333 1.465925
1953.916667 1.966192
1954.000000 -0.411755
1954.083333 -1.579331
1954.166667 -0.678249
1954.250000 -0.629103
1954.333333 0.704619
1954.416667 1.450245
1954.500000 0.854865
1954.583333 -0.214973
1954.666667 0.375880
1954.750000 -0.053597
1954.833333 -2.144605
1954.916667 -0.968677
1955.000000 0.704475
1955.083333 0.966313
1955.166667 0.307428
1955.250000 0.894846
1955.333333 0.699384
1955.416667 -0.401913
1955.500000 -1.247656
1955.583333 -0.867156
1955.666667 -1.023464
1955.750000 -0.275263
1955.833333 0.057390
1955.916667 0.771966
1956.000000 1.383621
1956.083333 0.467023
1956.166667 -0.415333
1956.250000 -0.130745
1956.333333 -0.130253
1956.416667 -0.306724
1956.500000 -1.233440
1956.583333 -0.882956
1956.666667 0.278693
1956.750000 0.927506
1956.833333 0.922516
1956.916667 1.495010
1957.000000 1.356915
1957.083333 0.231263
1957.166667 -1.331849
1957.250000 -1.256320
1957.333333 -0.715459
1957.416667 -0.565116
1957.500000 -0.970471
1957.583333 -0.345336
1957.666667 -1.001137
1957.750000 0.912774
1957.833333 1.549127
1957.916667 1.297650
1958.000000 0.099071
1958.083333 0.575224
1958.166667 0.039750
1958.250000 -0.141271
1958.333333 0.030924
1958.416667 0.179412
1958.500000 1.237449
1958.583333 -0.664711
1958.666667 -2.954408
1958.750000 -0.924109
1958.833333 0.529270
1958.916667 2.721475
1959.000000 -0.882665
1959.083333 -0.995075
1959.166667 0.189718
1959.250000 0.833590
1959.333333 -0.147683
1959.416667 0.864493
1959.500000 0.101134
1959.583333 -1.041674
1959.666667 -2.341350
1959.750000 -1.363623
1959.833333 1.142697
1959.916667 2.556835
1960.000000 1.579993
1960.083333 -0.050236
1960.166667 -0.670215
1960.250000 -0.169498
1960.333333 -1.192982
1960.416667 -0.727467
1960.500000 -0.123471
1960.583333 1.756819
1960.666667 0.321343
1960.750000 -1.487057
1960.833333 0.756276
1960.916667 0.951443
1961.000000 -1.129280
1961.083333 -0.845395
1961.166667 0.287831
1961.250000 0.410246
1961.333333 0.908511
1961.416667 0.147076
1961.500000 0.023249
1961.583333 -0.764673
1961.666667 0.031959
1961.750000 -0.026724
1961.833333 -0.828821
1961.916667 -0.167551
1962.000000 0.618257
1962.083333 1.547143
1962.166667 0.673310
1962.250000 -0.887981
1962.333333 -1.623280
1962.416667 0.785322
1962.500000 1.661237
1962.583333 -0.263920
1962.666667 -1.016416
1962.750000 -0.343870
1962.833333 -1.002876
1962.916667 -0.827752
1963.000000 0.804088
1963.083333 1.124615
1963.166667 1.000339
1963.250000 -0.736913
1963.333333 -0.590580
1963.416667 0.330888
1963.500000 0.491533
1963.583333 -0.122756
1963.666667 -1.565470
1963.750000 -1.084876
1963.833333 0.371885
1963.916667 1.894940
1964.000000 0.179889
1964.083333 -0.918407
1964.166667 -0.800275
1964.250000 -0.328864
1964.333333 0.994300
1964.416667 0.796850
1964.500000 -0.437642
1964.583333 -1.173061
1964.666667 0.383178
1964.750000 1.259666
1964.833333 -0.795663
1964.916667 -1.054719
1965.000000 1.571014
1965.083333 1.855580
1965.166667 0.158067
1965.250000 -1.092143
1965.333333 -0.487892
1965.416667 -0.545869
1965.500000 0.607579
1965.583333 1.325884
1965.666667 -0.099971
1965.750000 -2.397870
1965.833333 -1.186496
1965.916667 -0.060382
1966.000000 0.937893
1966.083333 0.418149
1966.166667 -0.013014
1966.250000 -0.004647
1966.333333 -0.480217
1966.416667 -0.298382
1966.500000 0.233833
1966.583333 1.118278
1966.666667 0.365397
1966.750000 -0.902409
1966.833333 -0.686811
1966.916667 1.529451
1967.000000 1.811663
1967.083333 0.450756
1967.166667 -1.307167
1967.250000 -1.167458
1967.333333 -0.527804
1967.416667 0.703074
1967.500000 0.048526
1967.583333 -0.063549
1967.666667 0.479489
1967.750000 -1.066277
1967.833333 -1.080603
1967.916667 0.025427
1968.000000 1.760960
1968.083333 0.579085
1968.166667 0.126006
1968.250000 -1.514447
1968.333333 -0.736382
1968.416667 0.263951
1968.500000 1.457342
1968.583333 -0.466346
1968.666667 0.065920
1968.750000 0.546035
1968.833333 0.736359
1968.916667 -1.190912
1969.000000 -0.628597
1969.083333 -0.568481
1969.166667 0.202815
1969.250000 0.992655
1969.333333 1.175819
1969.416667 0.313632
1969.500000 -0.076658
1969.583333 0.186368
1969.666667 -0.357149
1969.750000 -2.048757
1969.833333 -1.867049
1969.916667 0.270547
1970.000000 0.807845
1970.083333 0.529473
1970.166667 0.853867
1970.250000 1.090590
1970.333333 0.195937
1970.416667 -0.928338
1970.500000 -1.139748
1970.583333 0.292466
1970.666667 0.518880
1970.750000 0.813165
1970.833333 0.249436
1970.916667 -1.161351
1971.000000 -1.437286
1971.083333 -0.065227
1971.166667 1.459597
1971.250000 0.567542
1971.333333 -0.962992
1971.416667 -0.724512
1971.500000 0.034207
1971.583333 0.496206
1971.666667 1.339960
1971.750000 0.677753
1971.833333 -2.051281
1971.916667 -1.618850
1972.000000 0.199775
1972.083333 1.767342
1972.166667 1.854608
1972.250000 0.654642
1972.333333 -0.111754
1972.416667 -0.686007
1972.500000 -0.777170
1972.583333 -1.094397
1972.666667 0.270359
1972.750000 1.668733
1972.833333 -0.191235
1972.916667 -0.395353
1973.000000 -0.752403
1973.083333 -0.707975
1973.166667 0.392971
1973.250000 0.269650
1973.333333 -0.554027
1973.416667 -0.272059
1973.500000 0.369375
1973.583333 0.062889
1973.666667 0.036973
1973.750000 0.660402
1973.833333 0.205614
1973.916667 -0.343312
1974.000000 -0.988075
1974.083333 -0.501470
1974.166667 0.598484
1974.250000 0.946908
1974.333333 0.873742
1974.416667 0.919804
1974.500000 -0.738488
1974.583333 -0.894396
1974.666667 -0.659991
1974.750000 -0.389401
1974.833333 -0.511077
1974.916667 -0.400974
1975.000000 -0.356375
1975.083333 -0.324479
1975.166667 2.887542
1975.250000 2.069245
1975.333333 -1.482343
1975.416667 -2.356335
1975.500000 -0.508373
1975.583333 1.990355
1975.666667 0.123751
1975.750000 -1.168944
1975.833333 0.374879
1975.916667 2.188182
1976.000000 1.473570
1976.083333 -1.760199
1976.166667 -1.906544
1976.250000 -0.721218
1976.333333 -0.724331
1976.416667 0.191326
1976.500000 0.027739
1976.583333 -0.568380
1976.666667 -0.715400
1976.750000 -0.218077
1976.833333 0.750270
1976.916667 0.694222
1977.000000 0.346185
1977.083333 -0.412921
1977.166667 0.997816
1977.250000 1.832814
1977.333333 -0.177064
1977.416667 -1.369950
1977.500000 -0.115196
1977.583333 0.743371
1977.666667 0.043391
1977.750000 -0.017443
1977.833333 0.897875
1977.916667 -0.518046
1978.000000 -2.099846
1978.083333 -1.253850
1978.166667 -0.241023
1978.250000 1.791560
1978.333333 2.999993
1978.416667 2.268602
1978.500000 -1.403873
1978.583333 -2.382845
1978.666667 -1.239224
1978.750000 2.669762
1978.833333 1.571150
1978.916667 -1.851317
1979.000000 -2.364466
1979.083333 -0.511280
1979.166667 0.645732
1979.250000 0.233791
1979.333333 -0.483344
1979.416667 -0.103711
1979.500000 0.982738
1979.583333 1.343535
1979.666667 0.939913
1979.750000 -0.624057
1979.833333 -1.119683
1979.916667 -0.931328
1980.000000 -0.614644
1980.083333 0.811553
1980.166667 0.599492
1980.250000 -0.883306
1980.333333 -0.071944
1980.416667 0.564484
1980.500000 0.288939
1980.583333 0.323511
1980.666667 0.350624
1980.750000 0.011361
1980.833333 -0.149328
1980.916667 0.629166
1981.000000 -0.436358
1981.083333 -1.360272
1981.166667 -0.082431
1981.250000 -0.555858
1981.333333 -0.334040
1981.416667 1.449827
1981.500000 1.637459
1981.583333 -0.596639
1981.666667 -0.705335
1981.750000 -0.511881
1981.833333 -0.416041
1981.916667 0.301580
1982.000000 0.060071
1982.083333 -0.072863
1982.166667 -0.490159
1982.250000 -0.933993
1982.333333 0.590495
1982.416667 1.649120
1982.500000 -0.426251
1982.583333 -1.352180
1982.666667 0.120356
1982.750000 0.544419
1982.833333 -0.703033
1982.916667 0.098602
1983.000000 1.928630
1983.083333 0.883322
1983.166667 -0.447339
1983.250000 -1.121912
1983.333333 -0.598533
1983.416667 0.598178
1983.500000 0.050484
1983.583333 -0.879920
1983.666667 -0.820168
1983.750000 1.198466
1983.833333 0.703271
1983.916667 -0.653597
1984.000000 0.355204
1984.083333 0.554552
1984.166667 0.319448
1984.250000 -0.548297
1984.333333 -0.396143
1984.416667 0.378993
1984.500000 1.433275
1984.583333 0.019102
1984.666667 -0.568775
1984.750000 -0.939557
1984.833333 -0.955927
1984.916667 -0.572720
1985.000000 1.036872
1985.083333 0.822437
1985.166667 0.117188
1985.250000 -0.276185
1985.333333 -0.499900
1985.416667 -0.264680
1985.500000 0.915345
1985.583333 -0.091367
1985.666667 -1.257105
1985.750000 -0.057923
1985.833333 2.222530
1985.916667 0.708832
1986.000000 -0.736188
1986.083333 -1.076285
1986.166667 -0.282640
1986.250000 -0.923367
1986.333333 -0.500214
1986.416667 0.234978
1986.500000 0.557320
1986.583333 0.002811
1986.666667 -0.114676
1986.750000 0.255386
1986.833333 0.373619
1986.916667 0.093700
1987.000000 -1.333790
1987.083333 -1.110400
1987.166667 0.990123
1987.250000 2.724872
1987.333333 0.773943
1987.416667 -1.101103
1987.500000 -1.162858
1987.583333 -0.089533
1987.666667 0.797617
1987.750000 0.317207
1987.833333 -0.931002
1987.916667 -0.638835
1988.000000 1.048727
1988.083333 0.267206
1988.166667 -0.124331
1988.250000 0.184711
1988.333333 0.125900
1988.416667 -0.869316
1988.500000 -1.995329
1988.583333 0.681178
1988.666667 1.438342
1988.750000 1.474573
1988.833333 0.283841
1988.916667 -0.997703
1989.000000 -1.459635
1989.083333 0.404938
1989.166667 0.631750
1989.250000 0.340704
1989.333333 0.147739
1989.416667 -0.055747
1989.500000 -1.255215
1989.583333 -0.768147
1989.666667 0.706951
1989.750000 1.224523
1989.833333 1.625632
1989.916667 -0.843103
1990.000000 -1.991827
1990.083333 -1.451875
1990.166667 0.498582
1990.250000 1.190778
1990.333333 0.166027
1990.416667 -0.753995
1990.500000 0.421503
1990.583333 0.642459
1990.666667 0.356833
1990.750000 0.046487
1990.833333 -0.005588
1990.916667 -1.768004
1991.000000 -1.238999
1991.083333 0.585777
1991.166667 2.180272
1991.250000 2.105744
1991.333333 -1.000411
1991.416667 -2.071415
1991.500000 0.297604
1991.583333 1.505058
1991.666667 0.502252
1991.750000 -0.659578
1991.833333 -1.247306
1991.916667 -2.029707
1992.000000 0.226420
1992.083333 1.593626
1992.166667 0.312836
1992.250000 -0.504981
1992.333333 0.553872
1992.416667 0.859131
1992.500000 -0.116303
1992.583333 -1.430641
1992.666667 -1.553580
1992.750000 -0.298127
1992.833333 1.429454
1992.916667 0.838397
1993.000000 1.344748
1993.083333 0.437087
1993.166667 -0.319612
1993.250000 -1.370948
1993.333333 -0.409879
1993.416667 0.342380
1993.500000 -0.143184
1993.583333 -0.988747
1993.666667 0.574291
1993.750000 2.608726
1993.833333 0.094978
1993.916667 -2.385700
1994.000000 -1.472412
1994.083333 -0.080281
1994.166667 0.693080
1994.250000 0.395894
1994.333333 0.168707
1994.416667 -0.165166
1994.500000 0.483186
1994.583333 -0.017425
1994.666667 0.186162
1994.750000 0.159266
1994.833333 1.722016
1994.916667 0.359491
1995.000000 -1.564322
1995.083333 -1.331875
1995.166667 -0.127940
1995.250000 -0.205215
1995.333333 0.320262
1995.416667 1.276515
1995.500000 1.145522
1995.583333 -0.217108
1995.666667 -0.902758
1995.750000 0.067582
1995.833333 1.075820
1995.916667 -0.808830
1996.000000 -1.173846
1996.083333 -0.190918
1996.166667 0.157958
1996.250000 0.574224
1996.333333 0.490394
1996.416667 0.039891
1996.500000 0.432028
1996.583333 -0.156015
1996.666667 0.392403
1996.750000 -0.823321
1996.833333 -0.449482
1996.916667 0.507800
1997.000000 0.288883
1997.083333 -2.276499
1997.166667 -0.631912
1997.250000 0.331998
1997.333333 1.897511
1997.416667 0.454125
1997.500000 -0.221237
1997.583333 -0.002734
1997.666667 1.347832
1997.750000 0.120438
1997.833333 -0.566212
1997.916667 -1.170963
1998.000000 -0.186414
1998.083333 -0.018992
1998.166667 0.643419
1998.250000 0.822658
1998.333333 0.249005
1998.416667 -0.768216
1998.500000 -0.921275
1998.583333 0.144262
1998.666667 -0.025647
1998.750000 -0.068157
1998.833333 -0.780216
1998.916667 -0.884307
1999.000000 0.613499
1999.083333 1.572542
1999.166667 0.623917
1999.250000 -1.481566
1999.333333 -0.565000
1999.416667 0.540773
1999.500000 0.629863
1999.583333 -0.288341
1999.666667 0.342207
1999.750000 -0.026361
1999.833333 -0.991924
1999.916667 -1.242898
2000.000000 0.619397
2000.083333 1.747545
2000.166667 0.136252
2000.250000 -2.311282
2000.333333 -0.883526
2000.416667 1.656976
2000.500000 0.521060
2000.583333 0.818444
2000.666667 0.141321
2000.750000 0.325916
2000.833333 0.206349
2000.916667 1.084650
2001.000000 0.471895
2001.083333 -1.546977
2001.166667 -1.328211
2001.250000 0.743892
2001.333333 0.151160
2001.416667 -0.577172
2001.500000 -1.090437
2001.583333 0.410940
2001.666667 1.519720
2001.750000 0.791743
2001.833333 -0.354514
2001.916667 -1.579997
2002.000000 -1.242549
2002.083333 1.166790
2002.166667 1.128525
2002.250000 -0.210498
2002.333333 0.180495
2002.416667 -0.220452
2002.500000 -1.058881
2002.583333 -1.304852
2002.666667 0.325238
2002.750000 1.287404
2002.833333 1.135799
2002.916667 0.443821
2003.000000 -0.036769
2003.083333 -1.635750
2003.166667 -1.468827
2003.250000 0.690599
2003.333333 1.256709
2003.416667 0.595973
2003.500000 -0.393020
2003.583333 -0.580683
2003.666667 -0.971808
2003.750000 -0.822966
2003.833333 -0.028270
2003.916667 1.618756
2004.000000 1.037807
2004.083333 0.656815
2004.166667 1.319153
2004.250000 -0.908806
2004.333333 -2.203616
2004.416667 -0.645288
2004.500000 0.431067
2004.583333 -0.636717
2004.666667 0.749576
2004.750000 1.953191
2004.833333 1.651688
2004.916667 0.033883
2005.000000 -0.341554
2005.083333 -2.058113
2005.166667 -1.534610
2005.250000 0.305103
2005.333333 0.702911
2005.416667 0.218678
2005.500000 0.273863
2005.583333 0.952244
2005.666667 -0.622465
2005.750000 -1.265875
2005.833333 -0.377475
2005.916667 -0.197791
2006.000000 0.027450
2006.083333 0.613708
2006.166667 1.726758
2006.250000 0.653066
2006.333333 -0.848769
2006.416667 -1.447971
2006.500000 -1.169193
2006.583333 0.714873
2006.666667 1.176842
2006.750000 -0.274567
2006.833333 -0.165795
2006.916667 -0.635636
2007.000000 -0.646441
2007.083333 -0.902873
2007.166667 1.286895
2007.250000 0.578540
2007.333333 0.486751
2007.416667 -0.114586
2007.500000 0.592462
2007.583333 -1.251415
2007.666667 -1.095995
2007.750000 0.561033
2007.833333 0.990499
2007.916667 -0.033567
2008.000000 -0.633220
2008.083333 0.064271
2008.166667 1.742179
2008.250000 -0.115642
2008.333333 -0.983324
2008.416667 -0.928160
2008.500000 0.860460
2008.583333 1.984568
2008.666667 1.430424
2008.750000 -0.375041
2008.833333 -2.244861
2008.916667 -2.813772
2009.000000 -0.942977
2009.083333 1.620593
2009.166667 1.762410
2009.250000 -0.333948
2009.333333 -0.666096
2009.416667 0.045143
2009.500000 0.833200
2009.583333 1.528318
2009.666667 -0.093364
2009.750000 -0.724178
2009.833333 -1.325331
2009.916667 -0.159464
2010.000000 0.084938
2010.083333 0.571787
2010.166667 1.082572
2010.250000 -0.076847
2010.333333 -0.530077
2010.416667 -0.479314
2010.500000 0.065520
2010.583333 -1.123539
2010.666667 0.788157
2010.750000 2.293971
2010.833333 1.104644
2010.916667 -0.366948
2011.000000 -2.265881
2011.083333 -2.086701
2011.166667 -1.147109
2011.250000 -0.063592
2011.333333 0.986344
2011.416667 1.534733
2011.500000 0.949997
2011.583333 0.805229
2011.666667 -0.120457
2011.750000 0.009999
2011.833333 -0.300642
2011.916667 0.511801
2012.000000 -1.805232
2012.083333 -2.225250
2012.166667 -0.967827
2012.250000 1.191536
2012.333333 1.955720
2012.416667 1.978908
2012.500000 -0.014740
2012.583333 -0.969548
2012.666667 -0.203143
2012.750000 -0.159257
2012.833333 0.361518
2012.916667 0.080288
2013.000000 -0.120020
2013.083333 -0.861694
2013.166667 -0.539664
2013.250000 -1.281904
2013.333333 0.423501
2013.416667 0.952839
2013.500000 1.404367
2013.583333 0.246728
2013.666667 -0.904352
2013.750000 -0.001232
2013.833333 0.430496
2013.916667 1.017618
2014.000000 0.116483
2014.083333 -0.125962
2014.166667 -1.045695
2014.250000 -2.032251
2014.333333 -0.745648
2014.416667 -0.006481
2014.500000 0.868760
2014.583333 1.602336
2014.666667 0.825536
2014.750000 -1.057436
2014.833333 0.599483
2014.916667 0.914710
2015.000000 -1.087082
2015.083333 -1.342946
2015.166667 -0.211286
2015.250000 1.766142
2015.333333 0.857874
2015.416667 -1.138045
2015.500000 -0.614109
2015.583333 0.248708
2015.666667 0.431029
2015.750000 -0.263406
2015.833333 0.648508
2015.916667 0.321554
2016.000000 0.471327
2016.083333 -0.204253
2016.166667 -0.021283
2016.250000 -1.097927
2016.333333 -0.273231
2016.416667 0.637522
2016.500000 -0.031304
2016.583333 -0.576643
2016.666667 -0.865272
2016.750000 -0.057910
2016.833333 -0.166894
2016.916667 -0.680877
2017.000000 0.057772
2017.083333 0.409190
2017.166667 0.272707
2017.250000 1.055673
2017.333333 1.206332
2017.416667 0.304775
2017.500000 -1.055461
2017.583333 -1.362670
2017.666667 0.464909
2017.750000 1.209738
2017.833333 0.454645
2017.916667 -0.732740
2018.000000 0.235276
2018.083333 -0.647480
2018.166667 -0.465545
2018.250000 -0.748038
2018.333333 0.575665
2018.416667 0.368950
2018.500000 -0.652437
2018.583333 -1.318990
2018.666667 -0.839740
2018.750000 2.013278
2018.833333 2.499610
2018.916667 0.419493
2019.000000 -0.425184
2019.083333 0.179744
2019.166667 -0.622908
2019.250000 -1.382305
2019.333333 -0.572579
2019.416667 0.690893
2019.500000 1.975368
2019.583333 0.876251
2019.666667 -0.261937
2019.750000 -1.132916
2019.833333 -0.685147
2019.916667 -0.016236
2020.000000 0.385170
2020.083333 -0.677312
2020.166667 -1.043157
2020.250000 0.498101
2020.333333 -0.026338
2020.416667 -0.735584
2020.500000 -0.904062
2020.583333 -0.988949
2020.666667 0.432825
2020.750000 1.598184
2020.833333 0.370647
2020.916667 1.353520
2021.000000 0.125296
2021.083333 -1.054412
2021.166667 -0.915716
2021.250000 -0.382991
2021.333333 0.688220
2021.416667 0.119869
2021.500000 -0.117046
2021.583333 0.377820
2021.666667 -0.120754
2021.750000 -0.544600
2021.833333 -0.209183
2021.916667 0.416467
2022.000000 0.932799
2022.083333 0.880648
