1880.000000 1.349713
1880.083333 1.135748
1880.166667 0.897875
1880.250000 0.623917
1880.333333 0.288939
1880.416667 -0.715400
1880.500000 -0.925447
1880.583333 -0.828821
1880.666667 -0.228546
1880.750000 0.354585
1880.833333 -0.210498
1880.916667 -1.271698
1881.000000 -1.760199
1881.083333 -0.883526
1881.166667 0.233791
1881.250000 1.704886
1881.333333 1.837739
1881.416667 1.135799
1881.500000 -0.190918
1881.583333 -0.942121
1881.666667 -0.647551
1881.750000 0.080115
1881.833333 0.246728
1881.916667 -0.530420
1882.000000 -1.210493
1882.083333 -0.971808
1882.166667 -0.408941
1882.250000 0.158067
1882.333333 0.464909
1882.416667 0.234978
1882.500000 -0.050336
1882.583333 -0.703033
1882.666667 -1.286503
1882.750000 -2.029707
1882.833333 -1.208470
1882.916667 -0.391001
1883.000000 -0.082431
1883.083333 0.089652
1883.166667 0.903716
1883.250000 1.668733
1883.333333 0.743371
1883.416667 -0.040199
1883.500000 -0.241023
1883.583333 0.212194
1883.666667 0.860166
1883.750000 0.807845
1883.833333 -0.344922
1883.916667 -1.173061
1884.000000 -1.177856
1884.083333 -0.388998
1884.166667 0.321842
1884.250000 0.963655
1884.333333 0.673310
1884.416667 0.157958
1884.500000 0.822437
1884.583333 2.177268
1884.666667 2.724872
1884.750000 1.924869
1884.833333 1.436162
1884.916667 1.076174
1885.000000 0.704475
1885.083333 0.766994
1885.166667 -0.308427
1885.250000 -2.144605
1885.333333 -2.397870
1885.416667 -1.437286
1885.500000 -0.299255
1885.583333 0.184711
1885.666667 -0.745576
1885.750000 -2.111263
1885.833333 -2.058113
1885.916667 -0.902409
1886.000000 0.677753
1886.083333 1.920380
1886.166667 2.180272
1886.250000 1.519720
1886.333333 0.404938
1886.416667 -0.861694
1886.500000 -1.053350
1886.583333 -0.671020
1886.666667 -0.297099
1886.750000 0.253713
1886.833333 1.474573
1886.916667 1.832814
1887.000000 0.653066
1887.083333 -0.767747
1887.166667 -0.598927
1887.250000 -0.149328
1887.333333 -0.337405
1887.416667 -0.686764
1887.500000 -0.524583
1887.583333 -1.051412
1887.666667 -1.119683
1887.750000 -0.177064
1887.833333 0.593072
1887.916667 0.228711
1888.000000 -0.276185
1888.083333 -0.298382
1888.166667 0.080288
1888.250000 -0.055747
1888.333333 -0.622465
1888.416667 -0.395353
1888.500000 -0.191235
1888.583333 -0.053597
1888.666667 -0.110089
1888.750000 -0.222194
1888.833333 -0.045430
1888.916667 0.269178
1889.000000 -0.017425
1889.083333 -0.343870
1889.166667 0.530848
1889.250000 1.593626
1889.333333 1.037807
1889.416667 -0.026724
1889.500000 -0.691351
1889.583333 0.082900
1889.666667 0.691058
1889.750000 0.736359
1889.833333 0.123751
1889.916667 0.540773
1890.000000 1.377119
1890.083333 0.288883
1890.166667 -1.777686
1890.250000 -2.099846
1890.333333 0.033883
1890.416667 1.816551
1890.500000 1.938037
1890.583333 0.465711
1890.666667 -0.855333
1890.750000 -1.242898
1890.833333 -1.115933
1890.916667 0.114270
1891.000000 1.523943
1891.083333 1.000339
1891.166667 -0.280915
1891.250000 -1.001137
1891.333333 -0.447377
1891.416667 -0.123471
1891.500000 -0.451244
1891.583333 -0.115642
1891.666667 0.216522
1891.750000 0.419493
1891.833333 -0.160351
1891.916667 -1.233278
1892.000000 -2.225250
1892.083333 -1.100132
1892.166667 -0.021283
1892.250000 -0.036769
1892.333333 -0.324479
1892.416667 0.059540
1892.500000 0.111542
1892.583333 -0.576643
1892.666667 -0.638835
1892.750000 -0.411755
1892.833333 -0.887981
1892.916667 -1.035341
1893.000000 -0.063549
1893.083333 0.693080
1893.166667 0.569920
1893.250000 0.057772
1893.333333 -0.447339
1893.416667 -0.481522
1893.500000 0.227401
1893.583333 0.853867
1893.666667 0.900550
1893.750000 -0.130253
1893.833333 -1.253850
1893.916667 -1.045695
1894.000000 -0.452199
1894.083333 0.179464
1894.166667 0.572386
1894.250000 1.048727
1894.333333 1.484272
1894.416667 1.237449
1894.500000 0.471327
1894.583333 -0.508373
1894.666667 -2.086701
1894.750000 -2.385700
1894.833333 -1.170963
1894.916667 0.094978
1895.000000 -0.995075
1895.083333 -1.843061
1895.166667 -0.686007
1895.250000 1.753632
1895.333333 2.188182
1895.416667 1.433275
1895.500000 0.690893
1895.583333 1.344748
1895.666667 1.687990
1895.750000 0.267206
1895.833333 -0.882956
1895.916667 -0.026361
1896.000000 1.222310
1896.083333 0.914710
1896.166667 0.171818
1896.250000 0.062889
1896.333333 0.065920
1896.416667 0.342207
1896.500000 -0.426251
1896.583333 -1.482343
1896.666667 -2.146280
1896.750000 -1.176650
1896.833333 0.258749
1896.916667 0.101134
1897.000000 -0.212993
1897.083333 0.144262
1897.166667 0.656815
1897.250000 0.313632
1897.333333 -0.220452
1897.416667 -0.171939
1897.500000 -0.440665
1897.583333 -0.918407
1897.666667 -1.047361
1897.750000 -0.566589
1897.833333 0.338997
1897.916667 0.922382
1898.000000 0.699384
1898.083333 0.020280
1898.166667 -0.320034
1898.250000 0.256063
1898.333333 0.841171
1898.416667 1.419753
1898.500000 0.521060
1898.583333 -0.490159
1898.666667 -1.464365
1898.750000 -1.318990
1898.833333 -0.622908
1898.916667 1.082572
1899.000000 1.766142
1899.083333 1.224523
1899.166667 0.925282
1899.250000 0.405221
1899.333333 0.249436
1899.416667 0.516780
1899.500000 0.820705
1899.583333 0.490394
1899.666667 -0.002069
1899.750000 -0.908806
1899.833333 -1.404589
1899.916667 -2.265881
1900.000000 -1.650992
1900.083333 -0.450894
1900.166667 0.289853
1900.250000 -0.157721
1900.333333 -0.584427
1900.416667 -0.375041
1900.500000 0.498253
1900.583333 0.954804
1900.666667 0.036973
1900.750000 -0.735584
1900.833333 0.039572
1900.916667 0.648508
1901.000000 1.438342
1901.083333 1.729644
1901.166667 1.247367
1901.250000 1.206332
1901.333333 1.047412
1901.416667 0.300980
1901.500000 -0.738488
1901.583333 -1.281904
1901.666667 -1.136654
1901.750000 -0.033567
1901.833333 0.951443
1901.916667 0.664030
1902.000000 -0.391759
1902.083333 -1.129280
1902.166667 -0.577172
1902.250000 0.838397
1902.333333 1.656976
1902.416667 1.263224
1902.500000 0.756276
1902.583333 0.694222
1902.666667 0.193451
1902.750000 -0.730374
1902.833333 -0.795663
1902.916667 0.079645
1903.000000 -0.764826
1903.083333 -1.304852
1903.166667 -0.745648
1903.250000 0.599492
1903.333333 1.625632
1903.416667 1.940413
1903.500000 1.722016
1903.583333 0.116483
1903.666667 -1.143552
1903.750000 -1.257105
1903.833333 -0.690805
1903.916667 -0.141271
1904.000000 0.151160
1904.083333 0.599483
1904.166667 0.350624
1904.250000 -0.084001
1904.333333 -0.416878
1904.416667 -1.091492
1904.500000 -0.776176
1904.583333 0.429017
1904.666667 1.176842
1904.750000 1.184683
1904.833333 1.777016
1904.916667 1.577199
1905.000000 0.048526
1905.083333 -1.506370
1905.166667 -1.530783
1905.250000 -0.983324
1905.333333 -0.555858
1905.416667 -0.218077
1905.500000 -0.286208
1905.583333 -0.135594
1905.666667 0.796850
1905.750000 1.195713
1905.833333 1.259461
1905.916667 0.607746
1906.000000 -0.572720
1906.083333 -1.796622
1906.166667 -1.604954
1906.250000 -1.076285
1906.333333 -0.782273
1906.416667 0.281165
1906.500000 1.055673
1906.583333 0.884626
1906.666667 0.025427
1906.750000 -0.220388
1906.833333 -0.286633
1906.916667 -0.344687
1907.000000 -0.221237
1907.083333 -0.111754
1907.166667 -0.912561
1907.250000 -0.843818
1907.333333 -0.611604
1907.416667 -0.114586
1907.500000 0.315570
1907.583333 1.084918
1907.666667 1.984568
1907.750000 1.450539
1907.833333 -0.068769
1907.916667 -0.596639
1908.000000 -0.962992
1908.083333 -1.299557
1908.166667 -0.988949
1908.250000 -0.568380
1908.333333 -0.937630
1908.416667 -1.324239
1908.500000 -0.770299
1908.583333 0.714873
1908.666667 1.334103
1908.750000 0.259447
1908.833333 -1.094397
1908.916667 -1.063662
1909.000000 0.030924
1909.083333 0.416467
1909.166667 0.229882
1909.250000 -0.614644
1909.333333 -1.173846
1909.416667 -1.186496
1909.500000 0.511801
1909.583333 2.036227
1909.666667 2.308214
1909.750000 1.158518
1909.833333 0.831528
1909.916667 0.857874
1910.000000 0.213563
1910.083333 -0.165166
1910.166667 -1.514447
1910.250000 -2.909414
1910.333333 -2.450661
1910.416667 -0.928338
1910.500000 0.027450
1910.583333 0.592462
1910.666667 0.467023
1910.750000 0.362649
1910.833333 0.312657
1910.916667 0.164426
1911.000000 1.075820
1911.083333 1.894940
1911.166667 1.713572
1911.250000 0.938316
1911.333333 -0.125962
1911.416667 -1.000411
1911.500000 -0.768216
1911.583333 -0.511919
1911.666667 -1.164825
1911.750000 -1.806277
1911.833333 -0.768147
1911.916667 0.391201
1912.000000 0.619397
1912.083333 0.598484
1912.166667 0.239059
1912.250000 0.140973
1912.333333 0.165882
1912.416667 0.055474
1912.500000 -0.532330
1912.583333 -0.811633
1912.666667 0.045143
1912.750000 0.643419
1912.833333 0.178007
1912.916667 -0.425184
1913.000000 0.229074
1913.083333 1.756819
1913.166667 2.028600
1913.250000 1.637459
1913.333333 1.160644
1913.416667 1.602336
1913.500000 2.069245
1913.583333 2.130558
1913.666667 1.062500
1913.750000 -0.264680
1913.833333 -1.095995
1913.916667 -1.029469
1914.000000 -1.362670
1914.083333 -1.565094
1914.166667 -1.325331
1914.250000 -0.452465
1914.333333 -0.256077
1914.416667 -0.275263
1914.500000 -0.199257
1914.583333 1.005512
1914.666667 1.343535
1914.750000 -0.063592
1914.833333 -1.331875
1914.916667 -1.569933
1915.000000 -0.426244
1915.083333 0.952244
1915.166667 1.169909
1915.250000 -0.217108
1915.333333 -1.694252
1915.416667 -1.579997
1915.500000 -0.274567
1915.583333 0.825314
1915.666667 0.883013
1915.750000 0.860462
1915.833333 0.523221
1915.916667 0.296387
1916.000000 0.375139
1916.083333 0.064271
1916.166667 0.174161
1916.250000 0.575665
1916.333333 -0.314953
1916.416667 -1.054412
1916.500000 -0.377475
1916.583333 0.946908
1916.666667 0.301580
1916.750000 0.187393
1916.833333 1.473570
1916.916667 1.789781
1917.000000 0.797617
1917.083333 -0.848769
1917.166667 -2.287446
1917.250000 -2.640339
1917.333333 -2.515940
1917.416667 -2.339594
1917.500000 -1.481566
1917.583333 0.181415
1917.666667 1.992253
1917.750000 2.721475
1917.833333 1.591932
1917.916667 -0.304747
1918.000000 -1.459635
1918.083333 -1.469310
1918.166667 -0.566212
1918.250000 0.377820
1918.333333 1.010134
1918.416667 1.189755
1918.500000 0.611355
1918.583333 -0.199210
1918.666667 -0.777170
1918.750000 -1.251415
1918.833333 -1.488874
1918.916667 -0.722299
1919.000000 0.613499
1919.083333 0.360463
1919.166667 -0.931328
1919.250000 -1.578987
1919.333333 -1.247306
1919.416667 -0.867156
1919.500000 0.093700
1919.583333 0.930960
1919.666667 2.037311
1919.750000 2.408657
1919.833333 1.090590
1919.916667 -0.080281
1920.000000 -0.628597
1920.083333 -0.845395
1920.166667 -0.511077
1920.250000 0.395657
1920.333333 0.432028
1920.416667 0.301926
1920.500000 -0.538443
1920.583333 -1.131612
1920.666667 -0.582442
1920.750000 1.191536
1920.833333 2.000772
1920.916667 0.704619
1921.000000 -0.904352
1921.083333 -2.032251
1921.166667 -1.618850
1921.250000 -0.736188
1921.333333 0.536371
1921.416667 0.498582
1921.500000 -0.021075
1921.583333 -0.012762
1921.666667 0.528853
1921.750000 1.190778
1921.833333 0.871062
1921.916667 -0.148673
1922.000000 -0.764673
1922.083333 -0.683085
1922.166667 0.284580
1922.250000 1.198466
1922.333333 1.534733
1922.416667 0.395894
1922.500000 -0.504981
1922.583333 -1.055461
1922.666667 -0.756935
1922.750000 0.140341
1922.833333 0.864493
1922.916667 0.538031
1923.000000 -0.229588
1923.083333 -1.054719
1923.166667 -1.247656
1923.250000 -0.865272
1923.333333 0.593172
1923.416667 1.747872
1923.500000 1.256709
1923.583333 0.822658
1923.666667 0.179412
1923.750000 -0.576633
1923.833333 -0.636717
1923.916667 -0.522826
1924.000000 0.098602
1924.083333 0.813165
1924.166667 0.785841
1924.250000 0.631750
1924.333333 1.404367
1924.416667 0.749576
1924.500000 -0.076658
1924.583333 -0.211286
1924.666667 0.303888
1924.750000 0.340704
1924.833333 0.353622
1924.916667 0.986344
1925.000000 -0.116303
1925.083333 -1.962990
1925.166667 -2.364466
1925.250000 -1.303788
1925.333333 0.561033
1925.416667 2.105744
1925.500000 2.499610
1925.583333 1.572542
1925.666667 0.919804
1925.750000 0.564484
1925.833333 0.226565
1925.916667 -0.485888
1926.000000 -0.598533
1926.083333 -0.436358
1926.166667 0.358745
1926.250000 1.191088
1926.333333 0.290385
1926.416667 -0.727467
1926.500000 -0.652437
1926.583333 0.453655
1926.666667 0.747634
1926.750000 1.181126
1926.833333 0.969231
1926.916667 0.099071
1927.000000 -0.059965
1927.083333 0.546035
1927.166667 0.234957
1927.250000 -0.319612
1927.333333 -0.323904
1927.416667 -0.013014
1927.500000 -0.072105
1927.583333 -0.882456
1927.666667 -1.564322
1927.750000 -1.380689
1927.833333 -0.504142
1927.916667 0.285436
1928.000000 -0.313027
1928.083333 -1.080603
1928.166667 -0.732740
1928.250000 -0.205215
1928.333333 -0.517615
1928.416667 -1.447971
1928.500000 -1.308850
1928.583333 -0.023691
1928.666667 1.142995
1928.750000 1.172354
1928.833333 0.378993
1928.916667 -0.808830
1929.000000 -1.877467
1929.083333 -2.187891
1929.166667 -1.423604
1929.250000 -0.232279
1929.333333 0.471895
1929.416667 0.155108
1929.500000 0.486751
1929.583333 1.592781
1929.666667 1.286895
1929.750000 -0.677312
1929.833333 -1.805232
1929.916667 -1.508991
1930.000000 -1.057994
1930.083333 -0.204253
1930.166667 0.323511
1930.250000 1.429454
1930.333333 2.165121
1930.416667 1.805464
1930.500000 0.347755
1930.583333 -0.331560
1930.666667 -0.214973
1930.750000 0.018457
1930.833333 0.186368
1930.916667 0.222873
1931.000000 0.423501
1931.083333 1.238861
1931.166667 1.190301
1931.250000 0.050484
1931.333333 0.287831
1931.416667 1.209738
1931.500000 0.991993
1931.583333 0.629734
1931.666667 0.629863
1931.750000 0.552502
1931.833333 -0.725845
1931.916667 -1.763806
1932.000000 -2.170192
1932.083333 -1.288754
1932.166667 -1.369950
1932.250000 -1.906544
1932.333333 -1.406442
1932.416667 -0.702666
1932.500000 -0.827752
1932.583333 -1.472412
1932.666667 -1.541736
1932.750000 0.394805
1932.833333 1.449827
1932.916667 0.081090
1933.000000 -0.678249
1933.083333 -0.007493
1933.166667 0.249005
1933.250000 -0.197451
1933.333333 -0.437642
1933.416667 0.483186
1933.500000 2.887542
1933.583333 2.999993
1933.666667 2.816562
1933.750000 1.215172
1933.833333 -0.499900
1933.916667 -0.576757
1934.000000 0.331998
1934.083333 0.315246
1934.166667 -0.487892
1934.250000 -1.081408
1934.333333 -1.097927
1934.416667 0.312836
1934.500000 1.571150
1934.583333 1.682461
1934.666667 0.598681
1934.750000 -0.666096
1934.833333 -0.915716
1934.916667 -0.109200
1935.000000 0.145633
1935.083333 -0.281258
1935.166667 -0.647480
1935.250000 -0.393020
1935.333333 -0.120736
1935.416667 -0.156015
1935.500000 0.107258
1935.583333 -0.204918
1935.666667 -1.189433
1935.750000 -1.622482
1935.833333 -0.664711
1935.916667 1.265289
1936.000000 1.993372
1936.083333 0.445750
1936.166667 -1.351302
1936.250000 -1.995329
1936.333333 -1.057436
1936.416667 0.304775
1936.500000 0.681178
1936.583333 0.330888
1936.666667 -0.389401
1936.750000 0.255386
1936.833333 0.574291
1936.916667 0.363759
1937.000000 0.091200
1937.083333 0.264285
1937.166667 0.389214
1937.250000 0.235276
1937.333333 0.273863
1937.416667 -0.057910
1937.500000 -0.544600
1937.583333 -0.646894
1937.666667 -0.920875
1937.750000 -0.884778
1937.833333 0.297604
1937.916667 0.868760
1938.000000 0.141321
1938.083333 -0.625755
1938.166667 -1.172141
1938.250000 -2.038351
1938.333333 -1.333790
1938.416667 0.002811
1938.500000 1.450245
1938.583333 1.990355
1938.666667 0.585777
1938.750000 0.454645
1938.833333 1.528318
1938.916667 1.855580
1939.000000 0.437525
1939.083333 -0.216421
1939.166667 -0.113162
1939.250000 -0.452102
1939.333333 -0.879920
1939.416667 -0.933993
1939.500000 -0.014740
1939.583333 1.167162
1939.666667 0.496206
1939.750000 -0.877059
1939.833333 -1.504240
1939.916667 -0.635180
1940.000000 -0.031723
1940.083333 -0.306724
1940.166667 0.142320
1940.250000 1.651688
1940.333333 2.137498
1940.416667 1.280222
1940.500000 -0.005588
1940.583333 -0.752479
1940.666667 -0.788284
1940.750000 -0.583998
1940.833333 -0.285471
1940.916667 -0.164839
1941.000000 -0.428619
1941.083333 0.147076
1941.166667 1.381916
1941.250000 1.954654
1941.333333 0.598178
1941.416667 -0.942977
1941.500000 -0.818885
1941.583333 0.351732
1941.666667 1.124615
1941.750000 0.633902
1941.833333 0.011361
1941.916667 -0.884650
1942.000000 -0.823235
1942.083333 0.356833
1942.166667 0.769318
1942.250000 -0.772152
1942.333333 -2.203616
1942.416667 -1.418356
1942.500000 -0.203282
1942.583333 0.374879
1942.666667 0.788790
1942.750000 1.430158
1942.833333 0.272707
1942.916667 -1.274832
1943.000000 -1.665581
1943.083333 -0.724512
1943.166667 0.043391
1943.250000 0.619032
1943.333333 0.038118
1943.416667 -0.822966
1943.500000 -0.767105
1943.583333 0.168707
1943.666667 0.515673
1943.750000 -0.001232
1943.833333 0.281855
1943.916667 0.804497
1944.000000 0.833590
1944.083333 0.383178
1944.166667 0.489399
1944.250000 0.620329
1944.333333 -0.705335
1944.416667 -1.463964
1944.500000 -0.941055
1944.583333 -0.465545
1944.666667 -1.016416
1944.750000 -1.389854
1944.833333 -0.635636
1944.916667 -0.145003
1945.000000 -0.218933
1945.083333 -0.931002
1945.166667 -1.352180
1945.250000 -1.101103
1945.333333 -0.167551
1945.416667 -0.215368
1945.500000 -0.685147
1945.583333 -0.400974
1945.666667 0.578447
1945.750000 1.598184
1945.833333 1.465925
1945.916667 0.392403
1946.000000 -0.473348
1946.083333 -0.341554
1946.166667 0.523184
1946.250000 1.015834
1946.333333 0.919564
1946.416667 1.223499
1946.500000 0.566134
1946.583333 -0.780935
1946.666667 -1.001883
1946.750000 -0.724331
1946.833333 -0.300642
1946.916667 -0.263920
1947.000000 -0.485279
1947.083333 -1.121912
1947.166667 -0.548297
1947.250000 1.590228
1947.333333 2.222530
1947.416667 0.443821
1947.500000 -0.736913
1947.583333 -0.251606
1947.666667 1.569717
1947.750000 1.953191
1947.833333 1.711108
1947.916667 0.703271
1948.000000 -0.288341
1948.083333 -0.955928
1948.166667 -1.049887
1948.250000 -0.665353
1948.333333 0.365397
1948.416667 0.995154
1948.500000 0.189718
1948.583333 -1.084876
1948.666667 -0.997248
1948.750000 -0.176112
1948.833333 -0.235400
1948.916667 -1.109990
1949.000000 -0.265527
1949.083333 0.857552
1949.166667 0.678299
1949.250000 0.126006
1949.333333 -0.197791
1949.416667 -0.884236
1949.500000 -1.233440
1949.583333 -0.923367
1949.666667 -0.511280
1949.750000 0.629166
1949.833333 1.056506
1949.916667 0.522191
1950.000000 -0.724178
1950.083333 -2.066285
1950.166667 -2.311282
1950.250000 -1.038457
1950.333333 0.421503
1950.416667 0.346185
1950.500000 0.126580
1950.583333 0.706951
1950.666667 0.992655
1950.750000 0.908511
1950.833333 1.047651
1950.916667 0.596591
1951.000000 -0.198333
1951.083333 -0.571937
1951.166667 -0.415333
1951.250000 -0.203143
1951.333333 -0.120020
1951.416667 0.046487
1951.500000 -1.222980
1951.583333 -2.954408
1951.666667 -2.813772
1951.750000 -0.841264
1951.833333 0.431067
1951.916667 0.949997
1952.000000 1.137858
1952.083333 1.760960
1952.166667 1.299236
1952.250000 0.602189
1952.333333 0.612949
1952.416667 1.549127
1952.500000 1.672228
1952.583333 0.427605
1952.666667 -0.179480
1952.750000 0.270359
1952.833333 1.175819
1952.916667 1.048630
1953.000000 0.263323
1953.083333 -0.015733
1953.166667 0.233833
1953.250000 -0.334040
1953.333333 -1.255215
1953.416667 -1.122496
1953.500000 0.307428
1953.583333 1.332982
1953.666667 0.708832
1953.750000 1.128525
1953.833333 1.010276
1953.916667 0.595973
1954.000000 -0.006481
1954.083333 -0.396143
1954.166667 -0.331735
1954.250000 0.195937
1954.333333 0.023249
1954.416667 0.125900
1954.500000 -0.354514
1954.583333 -0.856947
1954.666667 -1.161351
1954.750000 -0.527804
1954.833333 -0.315030
1954.916667 -0.451328
1955.000000 0.060071
1955.083333 0.153116
1955.166667 -0.742313
1955.250000 -1.382305
1955.333333 -1.015029
1955.416667 -0.568775
1955.500000 -0.869316
1955.583333 -1.256320
1955.666667 -1.254068
1955.750000 -0.823321
1955.833333 0.012377
1955.916667 0.833007
1956.000000 0.320262
1956.083333 -0.416041
1956.166667 -0.800275
1956.250000 -0.059793
1956.333333 0.922516
1956.416667 1.791560
1956.500000 1.362796
1956.583333 0.690599
1956.666667 0.185181
1956.750000 0.836866
1956.833333 1.897511
1956.916667 2.278458
1957.000000 1.230230
1957.083333 0.359491
1957.166667 0.361518
1957.250000 1.193160
1957.333333 1.676113
1957.416667 1.525576
1957.500000 -0.050236
1957.583333 -1.608992
1957.666667 -2.382845
1957.750000 -2.276499
1957.833333 -0.795261
1957.916667 0.495357
1958.000000 0.866107
1958.083333 0.669153
1958.166667 -0.139011
1958.250000 -0.101918
1958.333333 0.140974
1958.416667 -0.759463
1958.500000 -1.579331
1958.583333 -0.970471
1958.666667 0.410246
1958.750000 0.762234
1958.833333 0.314060
1958.916667 -0.812909
1959.000000 -1.331849
1959.083333 -0.449482
1959.166667 0.825536
1959.250000 0.795456
1959.333333 -0.115196
1959.416667 -0.633220
1959.500000 -0.168428
1959.583333 0.813724
1959.666667 1.241290
1959.750000 0.618257
1959.833333 -0.727044
1959.916667 -1.301887
1960.000000 -0.753995
1960.083333 0.750270
1960.166667 2.269707
1960.250000 2.756032
1960.333333 1.916653
1960.416667 -0.438987
1960.500000 -2.244861
1960.583333 -2.223942
1960.666667 -0.979171
1960.750000 -0.117046
1960.833333 -1.002876
1960.916667 -2.170462
1961.000000 -1.542623
1961.083333 0.325916
1961.166667 1.975368
1961.250000 2.159727
1961.333333 0.305258
1961.416667 -0.884307
1961.500000 -1.342946
1961.583333 -1.328132
1961.666667 -0.781196
1961.750000 0.375980
1961.833333 1.169028
1961.916667 1.075528
1962.000000 0.179889
1962.083333 -0.495351
1962.166667 -0.602770
1962.250000 -0.257298
1962.333333 0.702911
1962.416667 1.529451
1962.500000 0.579085
1962.583333 -0.884168
1962.666667 -1.398920
1962.750000 -0.644762
1962.833333 -0.715459
1962.916667 -1.612540
1963.000000 -0.990617
1963.083333 1.036872
1963.166667 1.844885
1963.250000 0.937893
1963.333333 0.883322
1963.416667 1.301650
1963.500000 1.287404
1963.583333 0.649423
1963.666667 -0.079519
1963.750000 -0.825774
1963.833333 -1.131198
1963.916667 -0.904062
1964.000000 -0.638831
1964.083333 -0.202900
1964.166667 0.297733
1964.250000 0.687569
1964.333333 0.454125
1964.416667 0.161615
1964.500000 -0.025647
1964.583333 -0.273231
1964.666667 0.039891
1964.750000 0.847465
1964.833333 1.760665
1964.916667 0.915345
1965.000000 -0.366784
1965.083333 -0.502837
1965.166667 -0.124331
1965.250000 0.939913
1965.333333 0.860460
1965.416667 -0.529059
1965.500000 -0.906079
1965.583333 0.596668
1965.666667 1.909590
1965.750000 1.505058
1965.833333 0.112704
1965.916667 -0.448420
1966.000000 -0.891949
1966.083333 -1.461389
1966.166667 -1.697194
1966.250000 -0.545312
1966.333333 1.023558
1966.416667 1.462559
1966.500000 0.125296
1966.583333 -1.768004
1966.666667 -2.341350
1966.750000 -0.748038
1966.833333 0.557687
1966.916667 0.990499
1967.000000 0.642459
1967.083333 0.804088
1967.166667 0.091089
1967.250000 -0.565000
1967.333333 0.202815
1967.416667 1.339960
1967.500000 0.990123
1967.583333 -0.120457
1967.666667 -0.769305
1967.750000 -0.646441
1967.833333 0.529473
1967.916667 1.656734
1968.000000 0.231263
1968.083333 -1.321403
1968.166667 -1.430641
1968.250000 0.317207
1968.333333 0.557670
1968.416667 -0.580683
1968.500000 -1.086350
1968.583333 -1.162858
1968.666667 -1.157727
1968.750000 -0.868331
1968.833333 0.502252
1968.916667 1.276515
1969.000000 0.791743
1969.083333 -0.386152
1969.166667 -0.815812
1969.250000 0.027739
1969.333333 0.989399
1969.416667 0.544419
1969.500000 -0.589175
1969.583333 -0.624057
1969.666667 0.473868
1969.750000 1.432526
1969.833333 1.112257
1969.916667 -0.169498
1970.000000 -0.126622
1970.083333 0.577970
1970.166667 1.495010
1970.250000 1.262474
1970.333333 -0.186414
1970.416667 -0.902873
1970.500000 -1.134422
1970.583333 -1.637776
1970.666667 -1.378384
1970.750000 -0.298127
1970.833333 0.554552
1970.916667 0.654998
1971.000000 1.870652
1971.083333 2.669762
1971.166667 0.858633
1971.250000 -1.158378
1971.333333 -1.126014
1971.416667 0.030813
1971.500000 0.933107
1971.583333 0.994300
1971.666667 0.393151
1971.750000 -0.409879
1971.833333 -0.848536
1971.916667 -1.001830
1972.000000 -1.147109
1972.083333 -1.300355
1972.166667 -0.988075
1972.250000 -0.370215
1972.333333 0.119869
1972.416667 0.285889
1972.500000 0.980926
1972.583333 1.854608
1972.666667 1.211830
1972.750000 0.056079
1972.833333 -0.897393
1972.916667 -0.162884
1973.000000 0.253677
1973.083333 0.447092
1973.166667 0.952839
1973.250000 0.890274
1973.333333 -0.658988
1973.416667 -1.590261
1973.500000 -1.534610
1973.583333 -1.067933
1973.666667 -0.444802
1973.750000 0.122205
1973.833333 0.894846
1973.916667 1.579993
1974.000000 0.688220
1974.083333 -0.158817
1974.166667 -0.343312
1974.250000 -0.221485
1974.333333 -0.488331
1974.416667 -0.707259
1974.500000 -0.645288
1974.583333 -0.727345
1974.666667 -0.410520
1974.750000 -0.328864
1974.833333 -1.033657
1974.916667 -1.101304
1975.000000 -0.894396
1975.083333 -1.139748
1975.166667 -1.301490
1975.250000 -0.921275
1975.333333 0.342380
1975.416667 0.300901
1975.500000 0.422881
1975.583333 0.912774
1975.666667 0.437087
1975.750000 -0.409830
1975.833333 -0.345336
1975.916667 -0.707975
1976.000000 -0.429605
1976.083333 -0.018992
1976.166667 0.645732
1976.250000 1.649120
1976.333333 1.896730
1976.416667 1.742179
1976.500000 0.708236
1976.583333 -0.119133
1976.666667 -0.554027
1976.750000 -0.202280
1976.833333 0.425374
1976.916667 1.142697
1977.000000 0.818444
1977.083333 0.409190
1977.166667 -0.017443
1977.250000 -0.366948
1977.333333 0.416636
1977.416667 0.574224
1977.500000 -0.518046
1977.583333 -0.991924
1977.666667 -1.057212
1977.750000 -2.071405
1977.833333 -1.991827
1977.916667 -0.928160
1978.000000 0.019102
1978.083333 0.963197
1978.166667 2.121427
1978.250000 1.176889
1978.333333 -0.842061
1978.416667 -1.451875
1978.500000 -0.277125
1978.583333 0.316324
1978.666667 0.169760
1978.750000 -0.694760
1978.833333 -0.780216
1978.916667 -0.159257
1979.000000 0.450756
1979.083333 0.982738
1979.166667 1.167200
1979.250000 -0.072710
1979.333333 -1.513209
1979.416667 -2.356335
1979.500000 -2.071415
1979.583333 -0.994001
1979.666667 1.231907
1979.750000 1.928586
1979.833333 0.491533
1979.916667 -1.123539
1980.000000 -0.846659
1980.083333 -0.530077
1980.166667 -0.955927
1980.250000 -1.030588
1980.333333 -0.257082
1980.416667 0.269650
1980.500000 0.927506
1980.583333 2.040259
1980.666667 2.556835
1980.750000 0.410940
1980.833333 -1.260236
1980.916667 -0.692895
1981.000000 1.547143
1981.083333 2.244446
1981.166667 1.441325
1981.250000 0.181122
1981.333333 -0.213298
1981.416667 -0.342292
1981.500000 -1.087571
1981.583333 -1.192982
1981.666667 -0.711954
1981.750000 1.090334
1981.833333 1.620593
1981.916667 1.571014
1982.000000 0.507800
1982.083333 -0.595787
1982.166667 -1.397362
1982.250000 -1.546977
1982.333333 -1.303546
1982.416667 -0.335806
1982.500000 0.179744
1982.583333 0.321343
1982.666667 0.381558
1982.750000 0.949849
1982.833333 0.831959
1982.916667 0.000470
1983.000000 -0.401913
1983.083333 0.147739
1983.166667 0.545350
1983.250000 0.876251
1983.333333 0.716369
1983.416667 0.157310
1983.500000 -0.631912
1983.583333 -0.065227
1983.666667 0.625373
1983.750000 -0.263406
1983.833333 -1.561219
1983.916667 -1.809583
1984.000000 -0.913806
1984.083333 0.485704
1984.166667 1.459597
1984.250000 1.719915
1984.333333 0.283841
1984.416667 -0.068157
1984.500000 -0.263845
1984.583333 -1.092143
1984.666667 -1.553580
1984.750000 -1.159195
1984.833333 -0.880676
1984.916667 -0.159464
1985.000000 0.873742
1985.083333 1.603336
1985.166667 0.994937
1985.250000 -0.127940
1985.333333 -0.736382
1985.416667 -0.501470
1985.500000 -0.765472
1985.583333 -0.843103
1985.666667 0.173054
1985.750000 0.577504
1985.833333 0.315433
1985.916667 0.771966
1986.000000 1.136335
1986.083333 0.578829
1986.166667 0.145035
1986.250000 -0.357149
1986.333333 -0.030934
1986.416667 0.956798
1986.500000 1.066238
1986.583333 0.443067
1986.666667 -0.085802
1986.750000 0.674855
1986.833333 1.430424
1986.916667 0.575198
1987.000000 -0.359802
1987.083333 0.270547
1987.166667 0.479489
1987.250000 -0.480217
1987.333333 -0.886204
1987.416667 -0.769926
1987.500000 -0.806298
1987.583333 -0.955966
1987.666667 -0.021768
1987.750000 0.743892
1987.833333 0.205614
1987.916667 -0.590580
1988.000000 -0.441023
1988.083333 0.325238
1988.166667 1.978908
1988.250000 2.083790
1988.333333 0.460017
1988.416667 -0.539664
1988.500000 -0.377276
1988.583333 -0.318296
1988.666667 -1.157540
1988.750000 -1.565470
1988.833333 -1.189701
1988.916667 -0.212978
1989.000000 -0.122756
1989.083333 0.368018
1989.166667 0.578540
1989.250000 0.529270
1989.333333 0.079833
1989.416667 -0.209183
1989.500000 -0.865686
1989.583333 -0.839740
1989.666667 -0.545869
1989.750000 -0.208688
1989.833333 0.431029
1989.916667 1.298324
1990.000000 1.145522
1990.083333 -0.483344
1990.166667 -1.363623
1990.250000 -1.758360
1990.333333 -1.623280
1990.416667 -1.132916
1990.500000 0.344215
1990.583333 2.039740
1990.666667 2.293971
1990.750000 1.457342
1990.833333 -0.192848
1990.916667 -0.099971
1991.000000 0.703074
1991.083333 0.298211
1991.166667 -1.132492
1991.250000 -1.573790
1991.333333 -0.939557
1991.416667 0.363189
1991.500000 0.827639
1991.583333 0.479913
1991.666667 0.292466
1991.750000 0.895356
1991.833333 1.118278
1991.916667 0.689688
1992.000000 0.997816
1992.083333 0.966313
1992.166667 -0.071391
1992.250000 0.040807
1992.333333 0.607579
1992.416667 1.120334
1992.500000 0.031959
1992.583333 -0.663262
1992.666667 -0.885554
1992.750000 -0.057923
1992.833333 0.420968
1992.916667 0.803114
1993.000000 0.785322
1993.083333 0.775552
1993.166667 0.084938
1993.250000 -0.752403
1993.333333 -1.238999
1993.416667 -1.110400
1993.500000 -1.037910
1993.583333 -1.635750
1993.666667 -1.403873
1993.750000 0.392971
1993.833333 1.353520
1993.916667 0.640556
1994.000000 0.254089
1994.083333 0.375880
1994.166667 0.146469
1994.250000 -0.018437
1994.333333 -0.440865
1994.416667 -1.090437
1994.500000 -0.072863
1994.583333 1.280046
1994.666667 0.859131
1994.750000 -0.716898
1994.833333 -1.234554
1994.916667 0.199775
1995.000000 2.268602
1995.083333 1.767342
1995.166667 0.385170
1995.250000 -1.011981
1995.333333 -0.850082
1995.416667 -0.472055
1995.500000 -0.967827
1995.583333 -1.087082
1995.666667 -0.185380
1995.750000 0.654642
1995.833333 0.039750
1995.916667 -0.705287
1996.000000 -0.459273
1996.083333 0.021239
1996.166667 0.682433
1996.250000 0.553872
1996.333333 -0.686811
1996.416667 -2.051281
1996.500000 -2.303173
1996.583333 -0.060382
1996.666667 2.497370
1996.750000 1.966192
1996.833333 0.506834
1996.916667 0.057390
1997.000000 -0.091367
1997.083333 -0.511881
1997.166667 -2.048757
1997.250000 -2.232239
1997.333333 -1.598787
1997.416667 -1.041674
1997.500000 -0.670215
1997.583333 -0.356375
1997.666667 -0.120754
1997.750000 0.549950
1997.833333 1.087879
1997.916667 1.325884
1998.000000 1.220606
1998.083333 0.880648
1998.166667 0.292135
1998.250000 -0.729680
1998.333333 -1.332341
1998.416667 -1.203545
1998.500000 0.009048
1998.583333 0.641473
1998.666667 0.343343
1998.750000 -0.133463
1998.833333 0.172161
1998.916667 0.811553
1999.000000 0.660402
1999.083333 -0.140413
1999.166667 -0.002734
1999.250000 0.203384
1999.333333 0.305103
1999.416667 0.613708
1999.500000 1.836669
1999.583333 1.524314
1999.666667 -0.114676
1999.750000 -0.093364
1999.833333 0.388174
1999.916667 -0.103711
2000.000000 -1.265875
2000.083333 -1.326332
2000.166667 -0.500214
2000.250000 0.418149
2000.333333 0.455440
2000.416667 0.222479
2000.500000 -0.653597
2000.583333 -1.354989
2000.666667 -1.536367
2000.750000 -0.568439
2000.833333 0.206349
2000.916667 -0.699872
2001.000000 -1.238009
2001.083333 -1.239224
2001.166667 -1.046689
2001.250000 -1.190912
2001.333333 -1.180908
2001.416667 -1.138045
2001.500000 0.120356
2001.583333 1.356915
2001.666667 1.319153
2001.750000 0.788157
2001.833333 0.433369
2001.916667 -0.076274
2002.000000 -0.737596
2002.083333 -0.442761
2002.166667 0.637522
2002.250000 1.267910
2002.333333 1.881907
2002.416667 1.601985
2002.500000 -0.076847
2002.583333 -1.867049
2002.666667 -1.169193
2002.750000 0.355204
2002.833333 0.369375
2002.916667 0.166027
2003.000000 0.563314
2003.083333 0.749778
2003.166667 0.869964
2003.250000 0.922833
2003.333333 1.787769
2003.416667 2.608726
2003.500000 1.622122
2003.583333 0.004768
2003.666667 -0.657785
2003.750000 -0.862026
2003.833333 -0.882665
2003.916667 -1.545134
2004.000000 -2.196003
2004.083333 -0.997703
2004.166667 1.166790
2004.250000 2.008014
2004.333333 1.084650
2004.416667 -0.214146
2004.500000 -0.988747
2004.583333 -1.270584
2004.666667 -1.088337
2004.750000 -0.431606
2004.833333 0.271300
2004.916667 0.498101
2005.000000 0.557320
2005.083333 0.441515
2005.166667 0.159266
2005.250000 0.007756
2005.333333 -0.143884
2005.416667 -0.393605
2005.500000 -0.282640
2005.583333 1.104644
2005.666667 0.723275
2005.750000 -0.565116
2005.833333 -1.413911
2005.916667 -1.168944
2006.000000 -0.430312
2006.083333 -0.878608
2006.166667 -1.370948
2006.250000 -1.064780
2006.333333 0.590495
2006.416667 1.383621
2006.500000 0.765340
2006.583333 -0.001548
2006.666667 -0.512640
2006.750000 -1.043157
2006.833333 -0.961166
2006.916667 0.180495
2007.000000 1.776316
2007.083333 1.762410
2007.166667 0.373619
2007.250000 -0.968677
2007.333333 -1.487057
2007.416667 -1.851317
2007.500000 -1.745452
2007.583333 -1.816301
2007.666667 -0.924109
2007.750000 0.136252
2007.833333 0.344764
2007.916667 0.713460
2008.000000 1.834615
2008.083333 2.013278
2008.166667 1.160367
2008.250000 0.288257
2008.333333 0.341038
2008.416667 0.370647
2008.500000 0.430496
2008.583333 0.120438
2008.666667 -0.259514
2008.750000 -0.466346
2008.833333 1.087929
2008.916667 1.347832
2009.000000 0.350247
2009.083333 -0.713423
2009.166667 -1.107605
2009.250000 -1.058881
2009.333333 -0.147683
2009.416667 0.248708
2009.500000 -0.159532
2009.583333 -0.659578
2009.666667 -0.004647
2009.750000 1.618756
2009.833333 1.747545
2009.916667 0.405184
2010.000000 -0.820168
2010.083333 -0.455368
2010.166667 -0.016236
2010.250000 -0.386651
2010.333333 -0.099459
2010.416667 0.315225
2010.500000 0.067582
2010.583333 -0.184223
2010.666667 -0.010283
2010.750000 0.278693
2010.833333 -0.479314
2010.916667 -0.969548
2011.000000 -0.330256
2011.083333 -0.026338
2011.166667 -0.130745
2011.250000 -0.031304
2011.333333 0.186162
2011.416667 0.250579
2011.500000 0.117188
2011.583333 0.452082
2011.666667 0.727690
2011.750000 0.907818
2011.833333 0.567542
2011.916667 0.575224
2012.000000 1.259666
2012.083333 0.371831
2012.166667 -0.721218
2012.250000 -1.663992
2012.333333 -1.307167
2012.416667 -1.084934
2012.500000 -1.468827
2012.583333 -1.360272
2012.666667 -0.203036
2012.750000 0.595778
2012.833333 -0.089533
2012.916667 -0.783738
2013.000000 -0.184338
2013.083333 0.593878
2013.166667 0.854865
2013.250000 0.371885
2013.333333 -0.412789
2013.416667 -1.356191
2013.500000 -1.023464
2013.583333 0.300879
2013.666667 0.321554
2013.750000 -0.068369
2013.833333 0.136290
2013.916667 0.463208
2014.000000 0.999985
2014.083333 1.811663
2014.166667 1.677557
2014.250000 0.562441
2014.333333 0.094799
2014.416667 0.191326
2014.500000 0.986188
2014.583333 1.297650
2014.666667 -0.629103
2014.750000 -2.364438
2014.833333 -1.589078
2014.916667 0.561036
2015.000000 1.808570
2015.083333 0.467142
2015.166667 -0.399400
2015.250000 -0.047967
2015.333333 0.333330
2015.416667 0.218678
2015.500000 0.833200
2015.583333 1.019882
2015.666667 0.263951
2015.750000 -0.333948
2015.833333 0.034207
2015.916667 0.305429
2016.000000 0.319448
2016.083333 0.009999
2016.166667 -0.068618
2016.250000 -0.261937
2016.333333 -0.977734
2016.416667 -1.395454
2016.500000 -0.395826
2016.583333 0.805229
2016.666667 -0.137283
2016.750000 -1.167458
2016.833333 -0.883480
2016.916667 -0.619678
2017.000000 -1.238268
2017.083333 -1.242549
2017.166667 -0.272059
2017.250000 0.226420
2017.333333 -0.568481
2017.416667 -0.707311
2017.500000 -0.235517
2017.583333 0.518880
2017.666667 0.568406
2017.750000 -0.143184
2017.833333 -0.165795
2017.916667 0.153218
2018.000000 -0.166894
2018.083333 -0.582884
2018.166667 0.368950
2018.250000 1.928630
2018.333333 1.955720
2018.416667 0.922064
2018.500000 -0.122276
2018.583333 -0.427679
2018.666667 -0.614109
2018.750000 -0.028270
2018.833333 0.571787
2018.916667 0.017755
2019.000000 -1.030864
2019.083333 -0.991696
2019.166667 -0.412921
2019.250000 -0.382991
2019.333333 -0.038654
2019.416667 0.744294
2019.500000 1.538336
2019.583333 0.569529
2019.666667 -0.659991
2019.750000 -1.062245
2019.833333 0.063914
2019.916667 1.545043
2020.000000 1.148299
2020.083333 0.432825
2020.166667 -0.142614
2020.250000 -0.767608
2020.333333 -0.071944
2020.416667 1.601278
2020.500000 1.726758
2020.583333 0.114769
2020.666667 -0.572579
2020.750000 -1.066277
2020.833333 -1.328211
2020.916667 -0.883306
2021.000000 0.065520
2021.083333 -0.067408
2021.166667 -0.746500
2021.250000 -0.902758
2021.333333 -0.218617
2021.416667 0.749376
2021.500000 1.661237
2021.583333 0.932799
2021.666667 -0.994189
2021.750000 -1.689572
2021.833333 -0.680877
2021.916667 0.773943
2022.000000 1.136772
2022.083333 1.017618
