1880.000000 -0.130845
1880.083333 0.235392
1880.166667 -0.209831
1880.250000 0.201681
1880.333333 0.179170
1880.416667 -0.025064
1880.500000 -0.223238
1880.583333 -0.482681
1880.666667 -0.525219
1880.750000 -0.309965
1880.833333 -0.162422
1880.916667 -0.006633
1881.000000 -0.421633
1881.083333 -0.792831
1881.166667 -0.394161
1881.250000 -0.150529
1881.333333 0.379406
1881.416667 0.655764
1881.500000 0.381303
1881.583333 0.675891
1881.666667 0.801451
1881.750000 0.822579
1881.833333 0.592162
1881.916667 0.568832
1882.000000 0.509965
1882.083333 0.705070
1882.166667 0.707500
1882.250000 1.063860
1882.333333 0.836436
1882.416667 0.918532
1882.500000 1.004629
1882.583333 0.757387
1882.666667 0.441521
1882.750000 0.668243
1882.833333 0.767157
1882.916667 0.697947
1883.000000 0.766039
1883.083333 0.572537
1883.166667 0.606968
1883.250000 0.435770
1883.333333 0.462727
1883.416667 0.682080
1883.500000 0.572754
1883.583333 0.755407
1883.666667 0.475260
1883.750000 0.385198
1883.833333 0.037208
1883.916667 0.007243
1884.000000 0.021727
1884.083333 -0.031162
1884.166667 -0.099364
1884.250000 0.224497
1884.333333 0.557873
1884.416667 0.240299
1884.500000 0.512621
1884.583333 0.073530
1884.666667 -0.111317
1884.750000 -0.154014
1884.833333 -0.126320
1884.916667 -0.380398
1885.000000 -0.547263
1885.083333 -0.514854
1885.166667 -0.670213
1885.250000 -0.807754
1885.333333 -0.623757
1885.416667 -0.381513
1885.500000 -0.387750
1885.583333 -0.374809
1885.666667 -0.371461
1885.750000 -0.473655
1885.833333 -0.586252
1885.916667 -0.822715
1886.000000 -0.642555
1886.083333 -0.645969
1886.166667 -0.662187
1886.250000 -0.595928
1886.333333 -0.451834
1886.416667 -0.096673
1886.500000 -0.164124
1886.583333 -0.260276
1886.666667 -0.207353
1886.750000 -0.409791
1886.833333 -0.092051
1886.916667 0.131212
1887.000000 0.290742
1887.083333 0.247747
1887.166667 0.414476
1887.250000 0.650975
1887.333333 0.746212
1887.416667 0.649217
1887.500000 0.214802
1887.583333 0.432901
1887.666667 0.328545
1887.750000 0.108866
1887.833333 0.316818
1887.916667 0.383939
1888.000000 0.022876
1888.083333 -0.006238
1888.166667 -0.075646
1888.250000 0.163163
1888.333333 -0.306037
1888.416667 -0.393693
1888.500000 -0.418483
1888.583333 -0.064946
1888.666667 -0.329782
1888.750000 -1.036034
1888.833333 -1.341515
1888.916667 -1.237544
1889.000000 -1.004530
1889.083333 -0.555257
1889.166667 -0.443967
1889.250000 -0.628077
1889.333333 -0.397164
1889.416667 -0.391003
1889.500000 -0.431085
1889.583333 -0.416861
1889.666667 -0.098367
1889.750000 -0.317984
1889.833333 -0.560004
1889.916667 -0.561883
1890.000000 -0.563711
1890.083333 -0.746791
1890.166667 -0.939551
1890.250000 -0.821145
1890.333333 -0.473892
1890.416667 -0.289651
1890.500000 -0.118283
1890.583333 0.183307
1890.666667 -0.309799
1890.750000 -0.670010
1890.833333 -0.823121
1890.916667 -1.089871
1891.000000 -1.297893
1891.083333 -1.242208
1891.166667 -1.516688
1891.250000 -1.578196
1891.333333 -2.025471
1891.416667 -2.198692
1891.500000 -1.803835
1891.583333 -1.879907
1891.666667 -1.743257
1891.750000 -1.518045
1891.833333 -1.591001
1891.916667 -1.402135
1892.000000 -1.307918
1892.083333 -1.099765
1892.166667 -1.221676
1892.250000 -1.534604
1892.333333 -1.735794
1892.416667 -1.817015
1892.500000 -1.631132
1892.583333 -1.630854
1892.666667 -1.677737
1892.750000 -1.669941
1892.833333 -1.352226
1892.916667 -1.451196
1893.000000 -1.040965
1893.083333 -1.308357
1893.166667 -1.412841
1893.250000 -1.162998
1893.333333 -1.003192
1893.416667 -1.181634
1893.500000 -1.173181
1893.583333 -1.310443
1893.666667 -1.064965
1893.750000 -0.903102
1893.833333 -1.050344
1893.916667 -0.923526
1894.000000 -0.986217
1894.083333 -0.975254
1894.166667 -0.931555
1894.250000 -1.041714
1894.333333 -0.908437
1894.416667 -0.771034
1894.500000 -0.646520
1894.583333 -0.361599
1894.666667 -0.419817
1894.750000 -0.769716
1894.833333 -0.867073
1894.916667 -0.793965
1895.000000 -0.766619
1895.083333 -0.605219
1895.166667 -0.393968
1895.250000 -0.413740
1895.333333 -0.431105
1895.416667 -0.660516
1895.500000 -0.392475
1895.583333 -0.447775
1895.666667 -0.699882
1895.750000 -0.951150
1895.833333 -1.024469
1895.916667 -0.617722
1896.000000 -0.414267
1896.083333 -0.815548
1896.166667 -0.822784
1896.250000 -0.735819
1896.333333 -0.563836
1896.416667 -0.466146
1896.500000 -0.610351
1896.583333 -0.494576
1896.666667 -0.616845
1896.750000 -1.143915
1896.833333 -1.282133
1896.916667 -1.410211
1897.000000 -1.136545
1897.083333 -0.847146
1897.166667 -1.076774
1897.250000 -1.003208
1897.333333 -0.952394
1897.416667 -1.273202
1897.500000 -1.733023
1897.583333 -1.702320
1897.666667 -1.617068
1897.750000 -1.711932
1897.833333 -2.316715
1897.916667 -2.251292
1898.000000 -2.321169
1898.083333 -2.464071
1898.166667 -2.465201
1898.250000 -2.661299
1898.333333 -2.441564
1898.416667 -2.362278
1898.500000 -2.423825
1898.583333 -2.279363
1898.666667 -2.215814
1898.750000 -2.514655
1898.833333 -2.470459
1898.916667 -2.503613
1899.000000 -2.846843
1899.083333 -2.914748
1899.166667 -2.718964
1899.250000 -2.783224
1899.333333 -2.353940
1899.416667 -1.868430
1899.500000 -1.885010
1899.583333 -1.692602
1899.666667 -1.157668
1899.750000 -1.203950
1899.833333 -1.386259
1899.916667 -1.446967
1900.000000 -1.736427
1900.083333 -2.010208
1900.166667 -1.897229
1900.250000 -1.939620
1900.333333 -1.819824
1900.416667 -1.645352
1900.500000 -1.780365
1900.583333 -1.772743
1900.666667 -1.783520
1900.750000 -1.890757
1900.833333 -2.035112
1900.916667 -1.895390
1901.000000 -1.870808
1901.083333 -1.732484
1901.166667 -1.436654
1901.250000 -1.147422
1901.333333 -1.383270
1901.416667 -1.549169
1901.500000 -1.564205
1901.583333 -1.486643
1901.666667 -1.214136
1901.750000 -1.411433
1901.833333 -1.474825
1901.916667 -1.370316
1902.000000 -1.031249
1902.083333 -0.666984
1902.166667 -0.893066
1902.250000 -0.919165
1902.333333 -1.088817
1902.416667 -0.851556
1902.500000 -0.719285
1902.583333 -0.786491
1902.666667 -0.912909
1902.750000 -0.815439
1902.833333 -0.555055
1902.916667 -0.727025
1903.000000 -0.785698
1903.083333 -0.736568
1903.166667 -0.712091
1903.250000 -0.610884
1903.333333 -0.837276
1903.416667 -0.958053
1903.500000 -1.439723
1903.583333 -1.382756
1903.666667 -1.081752
1903.750000 -1.548913
1903.833333 -1.655004
1903.916667 -1.386570
1904.000000 -1.379500
1904.083333 -1.797465
1904.166667 -1.458781
1904.250000 -1.760394
1904.333333 -1.373940
1904.416667 -1.474405
1904.500000 -1.601089
1904.583333 -1.545744
1904.666667 -1.504146
1904.750000 -1.312977
1904.833333 -1.151907
1904.916667 -1.153873
1905.000000 -0.799283
1905.083333 -0.604122
1905.166667 -0.522033
1905.250000 -0.476289
1905.333333 -0.487930
1905.416667 -0.494883
1905.500000 -0.321604
1905.583333 -0.200297
1905.666667 -0.188358
1905.750000 0.059648
1905.833333 -0.010245
1905.916667 0.091426
1906.000000 0.292423
1906.083333 0.007936
1906.166667 -0.060701
1906.250000 0.341543
1906.333333 0.093827
1906.416667 0.365669
1906.500000 0.092264
1906.583333 0.183172
1906.666667 -0.085248
1906.750000 -0.236194
1906.833333 -0.323684
1906.916667 -0.450334
1907.000000 -0.195217
1907.083333 0.008986
1907.166667 0.215274
1907.250000 0.250691
1907.333333 0.634811
1907.416667 0.858804
1907.500000 0.904678
1907.583333 0.616039
1907.666667 0.757417
1907.750000 0.886031
1907.833333 0.875142
1907.916667 1.014571
1908.000000 1.163200
1908.083333 1.047882
1908.166667 1.145794
1908.250000 1.187549
1908.333333 1.219696
1908.416667 1.091996
1908.500000 0.939157
1908.583333 0.932391
1908.666667 1.244186
1908.750000 1.762429
1908.833333 1.609920
1908.916667 1.296519
1909.000000 1.166325
1909.083333 0.920793
1909.166667 0.784770
1909.250000 0.850564
1909.333333 0.596337
1909.416667 0.719828
1909.500000 0.883484
1909.583333 1.217442
1909.666667 1.613730
1909.750000 1.797716
1909.833333 2.283328
1909.916667 2.082052
1910.000000 2.075609
1910.083333 2.044067
1910.166667 2.078334
1910.250000 2.253384
1910.333333 2.095857
1910.416667 2.437307
1910.500000 2.661382
1910.583333 2.654277
1910.666667 2.676171
1910.750000 2.349414
1910.833333 1.666812
1910.916667 1.587514
1911.000000 1.609012
1911.083333 1.608310
1911.166667 1.286370
1911.250000 1.132135
1911.333333 1.516705
1911.416667 1.640485
1911.500000 1.733028
1911.583333 1.598663
1911.666667 1.722280
1911.750000 1.974070
1911.833333 2.089982
1911.916667 1.920930
1912.000000 1.924367
1912.083333 1.646645
1912.166667 1.516904
1912.250000 1.607920
1912.333333 1.424235
1912.416667 1.319918
1912.500000 1.620863
1912.583333 1.525387
1912.666667 1.658402
1912.750000 1.529918
1912.833333 1.204024
1912.916667 1.164151
1913.000000 1.037927
1913.083333 0.518173
1913.166667 0.210526
1913.250000 0.101420
1913.333333 0.452570
1913.416667 0.298368
1913.500000 0.279916
1913.583333 0.421374
1913.666667 0.476674
1913.750000 0.378675
1913.833333 0.774664
1913.916667 1.070520
1914.000000 0.447269
1914.083333 0.662767
1914.166667 0.770841
1914.250000 0.980166
1914.333333 0.968345
1914.416667 1.133984
1914.500000 1.559167
1914.583333 1.918350
1914.666667 2.284324
1914.750000 2.461119
1914.833333 2.600749
1914.916667 2.740318
1915.000000 2.379672
1915.083333 2.846588
1915.166667 2.808609
1915.250000 2.792878
1915.333333 2.728381
1915.416667 2.751196
1915.500000 2.149213
1915.583333 2.132603
1915.666667 1.756577
1915.750000 1.460537
1915.833333 0.964170
1915.916667 0.518282
1916.000000 0.641226
1916.083333 0.501245
1916.166667 0.458649
1916.250000 0.401058
1916.333333 0.107172
1916.416667 -0.068277
1916.500000 -0.370751
1916.583333 -0.435007
1916.666667 -0.956972
1916.750000 -1.022030
1916.833333 -0.771167
1916.916667 -0.457473
1917.000000 -0.169322
1917.083333 -0.047124
1917.166667 -0.290514
1917.250000 -0.065578
1917.333333 0.058466
1917.416667 0.117253
1917.500000 -0.182008
1917.583333 -0.085297
1917.666667 0.254023
1917.750000 0.420740
1917.833333 0.348051
1917.916667 0.464231
1918.000000 0.445991
1918.083333 0.470367
1918.166667 0.654622
1918.250000 0.711877
1918.333333 0.701971
1918.416667 0.767443
1918.500000 0.540596
1918.583333 0.278713
1918.666667 0.382266
1918.750000 0.222740
1918.833333 0.346056
1918.916667 -0.112877
1919.000000 0.175330
1919.083333 0.141324
1919.166667 0.533841
1919.250000 -0.084469
1919.333333 -0.490952
1919.416667 -0.140403
1919.500000 -0.101779
1919.583333 -0.028856
1919.666667 -0.001492
1919.750000 0.033653
1919.833333 0.158740
1919.916667 -0.092976
1920.000000 -0.133401
1920.083333 0.181122
1920.166667 0.215554
1920.250000 0.055825
1920.333333 0.074049
1920.416667 0.320236
1920.500000 0.258616
1920.583333 0.204300
1920.666667 0.312947
1920.750000 0.504626
1920.833333 0.840798
1920.916667 0.779032
1921.000000 0.834465
1921.083333 1.055897
1921.166667 0.560111
1921.250000 0.574095
1921.333333 0.664491
1921.416667 0.620670
1921.500000 0.393165
1921.583333 0.519860
1921.666667 0.801051
1921.750000 0.752211
1921.833333 0.610126
1921.916667 0.537463
1922.000000 0.894598
1922.083333 1.164661
1922.166667 1.136557
1922.250000 0.834723
1922.333333 0.502377
1922.416667 0.408627
1922.500000 0.319799
1922.583333 0.374535
1922.666667 0.090487
1922.750000 0.058617
1922.833333 0.186673
1922.916667 -0.225240
1923.000000 0.338096
1923.083333 0.467768
1923.166667 0.581337
1923.250000 0.249782
1923.333333 -0.003817
1923.416667 0.244671
1923.500000 0.453642
1923.583333 -0.146748
1923.666667 0.140201
1923.750000 0.314714
1923.833333 0.458298
1923.916667 0.178275
1924.000000 0.238470
1924.083333 0.087969
1924.166667 0.224992
1924.250000 0.666899
1924.333333 0.804317
1924.416667 1.028194
1924.500000 0.923557
1924.583333 0.650813
1924.666667 0.637953
1924.750000 0.873266
1924.833333 1.205432
1924.916667 1.156928
1925.000000 1.185961
1925.083333 1.056351
1925.166667 0.611877
1925.250000 0.618781
1925.333333 0.688890
1925.416667 0.572356
1925.500000 0.518237
1925.583333 0.072058
1925.666667 0.090228
1925.750000 0.428563
1925.833333 0.415616
1925.916667 0.552894
1926.000000 0.648913
1926.083333 0.451018
1926.166667 0.493810
1926.250000 0.286207
1926.333333 0.989620
1926.416667 1.013534
1926.500000 0.723328
1926.583333 0.334855
1926.666667 0.691734
1926.750000 0.824380
1926.833333 0.899957
1926.916667 0.547520
1927.000000 0.400061
1927.083333 0.099844
1927.166667 0.369147
1927.250000 0.236829
1927.333333 0.701941
1927.416667 0.810923
1927.500000 0.712806
1927.583333 1.020335
1927.666667 0.485354
1927.750000 0.274405
1927.833333 0.174730
1927.916667 0.434203
1928.000000 0.686952
1928.083333 0.756972
1928.166667 0.308678
1928.250000 0.177036
1928.333333 -0.089282
1928.416667 0.222465
1928.500000 0.114897
1928.583333 0.260213
1928.666667 0.707442
1928.750000 0.672495
1928.833333 0.825887
1928.916667 0.712105
1929.000000 0.706425
1929.083333 0.699820
1929.166667 0.686748
1929.250000 0.687149
1929.333333 0.575595
1929.416667 1.015315
1929.500000 0.830971
1929.583333 0.869565
1929.666667 0.775143
1929.750000 0.208238
1929.833333 0.442827
1929.916667 0.490064
1930.000000 0.146787
1930.083333 -0.028871
1930.166667 -0.413272
1930.250000 -0.325226
1930.333333 0.068871
1930.416667 0.366496
1930.500000 0.045520
1930.583333 -0.368966
1930.666667 -0.224523
1930.750000 0.195107
1930.833333 0.204734
1930.916667 0.456039
1931.000000 0.106504
1931.083333 0.079223
1931.166667 0.186501
1931.250000 0.083503
1931.333333 0.028448
1931.416667 0.195747
1931.500000 0.040210
1931.583333 -0.199781
1931.666667 -0.010282
1931.750000 0.050776
1931.833333 -0.190805
1931.916667 -0.077956
1932.000000 -0.210046
1932.083333 -0.046774
1932.166667 -0.046166
1932.250000 -0.113063
1932.333333 -0.295673
1932.416667 -0.235966
1932.500000 -0.238413
1932.583333 0.228965
1932.666667 0.211398
1932.750000 -0.121587
1932.833333 0.384775
1932.916667 -0.121503
1933.000000 0.283327
1933.083333 0.065227
1933.166667 0.400020
1933.250000 0.342151
1933.333333 0.462465
1933.416667 0.454306
1933.500000 0.412237
1933.583333 0.524479
1933.666667 0.350856
1933.750000 0.454480
1933.833333 0.176655
1933.916667 -0.007425
1934.000000 -0.131335
1934.083333 -0.152117
1934.166667 0.146288
1934.250000 -0.062661
1934.333333 -0.270640
1934.416667 -0.535837
1934.500000 -0.618415
1934.583333 -0.463688
1934.666667 -0.631422
1934.750000 -0.683867
1934.833333 -0.806265
1934.916667 -0.761662
1935.000000 -1.227362
1935.083333 -1.045362
1935.166667 -0.789302
1935.250000 -0.968509
1935.333333 -0.956106
1935.416667 -1.147606
1935.500000 -0.869572
1935.583333 -0.690369
1935.666667 0.032562
1935.750000 -0.021300
1935.833333 -0.235194
1935.916667 -0.345845
1936.000000 -0.641075
1936.083333 -0.570969
1936.166667 -0.478521
1936.250000 -0.240030
1936.333333 -0.135128
1936.416667 -0.231753
1936.500000 0.088903
1936.583333 0.226240
1936.666667 0.420174
1936.750000 0.122504
1936.833333 -0.083519
1936.916667 -0.235612
1937.000000 -0.321959
1937.083333 -0.840038
1937.166667 -0.519320
1937.250000 -0.551269
1937.333333 -0.325185
1937.416667 -0.124292
1937.500000 0.245268
1937.583333 0.379673
1937.666667 0.462316
1937.750000 0.272186
1937.833333 0.298313
1937.916667 0.719652
1938.000000 0.274968
1938.083333 0.101705
1938.166667 0.172447
1938.250000 0.566470
1938.333333 0.290167
1938.416667 0.180502
1938.500000 0.221490
1938.583333 0.977274
1938.666667 0.745858
1938.750000 0.694828
1938.833333 0.864325
1938.916667 0.677495
1939.000000 0.761667
1939.083333 0.850120
1939.166667 0.748625
1939.250000 0.823461
1939.333333 1.228683
1939.416667 1.233769
1939.500000 1.105293
1939.583333 0.903673
1939.666667 0.946192
1939.750000 1.183236
1939.833333 1.196716
1939.916667 1.249638
1940.000000 1.867789
1940.083333 1.638646
1940.166667 1.340785
1940.250000 1.380639
1940.333333 1.300770
1940.416667 1.414675
1940.500000 1.686121
1940.583333 1.735136
1940.666667 1.648262
1940.750000 1.737508
1940.833333 1.815272
1940.916667 1.751177
1941.000000 1.572090
1941.083333 1.699893
1941.166667 1.612907
1941.250000 1.299997
1941.333333 1.439806
1941.416667 1.283753
1941.500000 1.128061
1941.583333 1.265313
1941.666667 1.050659
1941.750000 0.989772
1941.833333 0.735680
1941.916667 0.357942
1942.000000 0.432919
1942.083333 0.811161
1942.166667 0.588232
1942.250000 0.865560
1942.333333 1.110289
1942.416667 1.453154
1942.500000 1.161026
1942.583333 0.979623
1942.666667 1.360710
1942.750000 1.318476
1942.833333 1.288525
1942.916667 1.433328
1943.000000 1.550217
1943.083333 1.382956
1943.166667 1.302914
1943.250000 1.431427
1943.333333 1.466658
1943.416667 1.259737
1943.500000 1.545460
1943.583333 1.718521
1943.666667 1.603440
1943.750000 1.435978
1943.833333 1.630672
1943.916667 1.012346
1944.000000 1.024304
1944.083333 0.866790
1944.166667 0.694915
1944.250000 0.905919
1944.333333 0.970609
1944.416667 1.699151
1944.500000 1.612654
1944.583333 1.670358
1944.666667 1.299520
1944.750000 1.523798
1944.833333 1.353281
1944.916667 1.385724
1945.000000 1.677730
1945.083333 1.932781
1945.166667 2.012672
1945.250000 2.280756
1945.333333 2.123308
1945.416667 1.853167
1945.500000 1.449492
1945.583333 1.561586
1945.666667 2.010642
1945.750000 1.890973
1945.833333 1.856120
1945.916667 1.743645
1946.000000 1.828452
1946.083333 1.351555
1946.166667 1.538485
1946.250000 1.773578
1946.333333 1.574770
1946.416667 1.303123
1946.500000 1.071297
1946.583333 1.193714
1946.666667 1.528241
1946.750000 1.261021
1946.833333 0.869493
1946.916667 0.889020
1947.000000 0.947514
1947.083333 1.110587
1947.166667 0.928951
1947.250000 1.097961
1947.333333 1.349862
1947.416667 0.930709
1947.500000 0.849186
1947.583333 0.990323
1947.666667 1.163488
1947.750000 1.011236
1947.833333 0.526835
1947.916667 0.339516
1948.000000 0.001964
1948.083333 -0.107112
1948.166667 0.162496
1948.250000 0.020571
1948.333333 0.056472
1948.416667 -0.222498
1948.500000 0.025389
1948.583333 -0.112116
1948.666667 -0.346399
1948.750000 0.131650
1948.833333 0.222930
1948.916667 0.395179
1949.000000 -0.086804
1949.083333 0.274884
1949.166667 0.695431
1949.250000 0.652875
1949.333333 0.571986
1949.416667 0.425307
1949.500000 0.684813
1949.583333 0.294993
1949.666667 0.376750
1949.750000 0.860139
1949.833333 0.877093
1949.916667 1.337890
1950.000000 1.311540
1950.083333 1.206585
1950.166667 1.399650
1950.250000 1.347500
1950.333333 1.338929
1950.416667 1.208603
1950.500000 0.888124
1950.583333 0.795947
1950.666667 0.952515
1950.750000 1.194226
1950.833333 1.149181
1950.916667 1.197552
1951.000000 0.944918
1951.083333 0.882840
1951.166667 0.828071
1951.250000 0.779666
1951.333333 0.780830
1951.416667 0.852767
1951.500000 1.132337
1951.583333 1.293887
1951.666667 1.388327
1951.750000 1.060264
1951.833333 0.842950
1951.916667 0.839460
1952.000000 0.849427
1952.083333 1.011224
1952.166667 0.565788
1952.250000 0.603751
1952.333333 0.627526
1952.416667 0.539017
1952.500000 0.343651
1952.583333 0.400760
1952.666667 0.363054
1952.750000 0.478968
1952.833333 -0.007778
1952.916667 -0.211604
1953.000000 0.178259
1953.083333 0.241778
1953.166667 0.061887
1953.250000 -0.002350
1953.333333 -0.299891
1953.416667 0.069048
1953.500000 0.427752
1953.583333 0.642648
1953.666667 0.927982
1953.750000 1.026724
1953.833333 1.327085
1953.916667 1.453108
1954.000000 1.762947
1954.083333 1.716862
1954.166667 1.657377
1954.250000 1.485843
1954.333333 1.342387
1954.416667 0.937264
1954.500000 1.245343
1954.583333 1.561160
1954.666667 1.705125
1954.750000 1.908788
1954.833333 1.920093
1954.916667 1.994290
1955.000000 1.623866
1955.083333 1.572318
1955.166667 1.104897
1955.250000 0.924968
1955.333333 0.845293
1955.416667 0.761844
1955.500000 0.501027
1955.583333 0.812848
1955.666667 1.043567
1955.750000 0.901998
1955.833333 0.596412
1955.916667 0.478509
1956.000000 0.706997
1956.083333 0.244122
1956.166667 0.447884
1956.250000 0.420303
1956.333333 0.329445
1956.416667 0.581753
1956.500000 0.585650
1956.583333 0.499924
1956.666667 0.799313
1956.750000 0.409480
1956.833333 0.801914
1956.916667 0.590807
1957.000000 0.389267
1957.083333 0.776223
1957.166667 1.567610
1957.250000 1.830323
1957.333333 1.587359
1957.416667 1.030285
1957.500000 1.073465
1957.583333 1.057771
1957.666667 0.901716
1957.750000 0.860256
1957.833333 0.688444
1957.916667 0.887001
1958.000000 0.856051
1958.083333 0.796557
1958.166667 0.261242
1958.250000 0.331924
1958.333333 -0.009789
1958.416667 0.185463
1958.500000 0.189019
1958.583333 -0.286520
1958.666667 -0.340041
1958.750000 -0.597788
1958.833333 -0.427338
1958.916667 -0.288608
1959.000000 -0.008834
1959.083333 -0.177344
1959.166667 -0.036822
1959.250000 -0.349770
1959.333333 -0.244363
1959.416667 -0.276326
1959.500000 -0.195278
1959.583333 -0.176548
1959.666667 0.089114
1959.750000 0.017965
1959.833333 -0.012019
1959.916667 0.338735
1960.000000 0.325207
1960.083333 0.200984
1960.166667 -0.007991
1960.250000 0.009723
1960.333333 0.015111
1960.416667 0.182874
1960.500000 0.149994
1960.583333 0.323961
1960.666667 0.263577
1960.750000 0.651443
1960.833333 0.631942
1960.916667 0.787810
1961.000000 0.868020
1961.083333 0.537011
1961.166667 0.780831
1961.250000 0.667715
1961.333333 0.880193
1961.416667 0.384439
1961.500000 -0.059976
1961.583333 -0.525296
1961.666667 -0.927169
1961.750000 -0.979159
1961.833333 -0.944514
1961.916667 -1.138718
1962.000000 -1.173590
1962.083333 -1.289235
1962.166667 -1.060168
1962.250000 -0.845494
1962.333333 -0.736773
1962.416667 -0.548438
1962.500000 -0.110131
1962.583333 0.057439
1962.666667 -0.301116
1962.750000 -0.333510
1962.833333 -0.386050
1962.916667 -0.169232
1963.000000 -0.041169
1963.083333 0.174930
1963.166667 -0.193756
1963.250000 0.155186
1963.333333 0.121451
1963.416667 0.355243
1963.500000 0.465877
1963.583333 0.245629
1963.666667 0.047316
1963.750000 0.195704
1963.833333 0.468247
1963.916667 0.239340
1964.000000 -0.038180
1964.083333 -0.526199
1964.166667 -0.729946
1964.250000 -0.882547
1964.333333 -0.922820
1964.416667 -0.746787
1964.500000 -0.839941
1964.583333 -1.080489
1964.666667 -1.137525
1964.750000 -1.120544
1964.833333 -1.050644
1964.916667 -0.986930
1965.000000 -0.999856
1965.083333 -0.838981
1965.166667 -0.885285
1965.250000 -1.110548
1965.333333 -1.119971
1965.416667 -0.643023
1965.500000 -0.822665
1965.583333 -0.213313
1965.666667 -0.331745
1965.750000 -0.154165
1965.833333 -0.539110
1965.916667 -0.550178
1966.000000 -0.192332
1966.083333 -0.471073
1966.166667 -0.633499
1966.250000 -0.541210
1966.333333 -0.443625
1966.416667 -0.787748
1966.500000 -1.066791
1966.583333 -0.967125
1966.666667 -0.868824
1966.750000 -0.668841
1966.833333 -0.690571
1966.916667 -0.522212
1967.000000 -0.220640
1967.083333 -0.509058
1967.166667 -0.253396
1967.250000 -0.068503
1967.333333 0.235845
1967.416667 0.132180
1967.500000 0.116261
1967.583333 0.127941
1967.666667 0.005918
1967.750000 0.243091
1967.833333 0.285952
1967.916667 0.036073
1968.000000 0.093830
1968.083333 -0.165902
1968.166667 -0.535791
1968.250000 -0.768541
1968.333333 -0.741370
1968.416667 -0.692278
1968.500000 -0.698155
1968.583333 -0.549420
1968.666667 -0.077400
1968.750000 -0.346050
1968.833333 -0.236219
1968.916667 -0.166067
1969.000000 -0.446448
1969.083333 -0.554192
1969.166667 -0.490752
1969.250000 -0.470301
1969.333333 -0.655442
1969.416667 -0.455007
1969.500000 -0.386415
1969.583333 -0.225245
1969.666667 0.155407
1969.750000 -0.153721
1969.833333 0.081815
1969.916667 0.188341
1970.000000 -0.027755
1970.083333 -0.043847
1970.166667 -0.144330
1970.250000 -0.419822
1970.333333 -0.218811
1970.416667 -0.397832
1970.500000 -0.868994
1970.583333 -0.649725
1970.666667 -0.747122
1970.750000 -0.638752
1970.833333 -0.572983
1970.916667 -0.630481
1971.000000 -0.703628
1971.083333 -1.282130
1971.166667 -1.340513
1971.250000 -1.568857
1971.333333 -1.401854
1971.416667 -1.543936
1971.500000 -1.651476
1971.583333 -1.578000
1971.666667 -1.801748
1971.750000 -1.914289
1971.833333 -1.970351
1971.916667 -1.814812
1972.000000 -2.101735
1972.083333 -1.856254
1972.166667 -1.833348
1972.250000 -1.895919
1972.333333 -1.757138
1972.416667 -1.465115
1972.500000 -1.149938
1972.583333 -1.362780
1972.666667 -1.005808
1972.750000 -0.969286
1972.833333 -0.633688
1972.916667 -0.867534
1973.000000 -0.884275
1973.083333 -0.886363
1973.166667 -1.161647
1973.250000 -1.235673
1973.333333 -0.987162
1973.416667 -0.697229
1973.500000 -0.524819
1973.583333 -0.446955
1973.666667 -0.542393
1973.750000 -0.044792
1973.833333 -0.366524
1973.916667 -0.644648
1974.000000 -0.811347
1974.083333 -0.749353
1974.166667 -0.839595
1974.250000 -0.636596
1974.333333 -0.992464
1974.416667 -0.770778
1974.500000 -0.337469
1974.583333 -0.127551
1974.666667 -0.200950
1974.750000 -0.343897
1974.833333 -0.083390
1974.916667 -0.489683
1975.000000 -0.668671
1975.083333 -1.050315
1975.166667 -1.057567
1975.250000 -0.597071
1975.333333 -0.687151
1975.416667 -0.419671
1975.500000 -0.668706
1975.583333 -0.784641
1975.666667 -0.902013
1975.750000 -0.632207
1975.833333 -0.826372
1975.916667 -0.965954
1976.000000 -0.940834
1976.083333 -0.553487
1976.166667 -0.529252
1976.250000 -0.101195
1976.333333 -0.012781
1976.416667 -0.080385
1976.500000 0.184661
1976.583333 0.033425
1976.666667 -0.190908
1976.750000 -0.167766
1976.833333 -0.534051
1976.916667 -0.804963
1977.000000 -0.976468
1977.083333 -0.944175
1977.166667 -0.676390
1977.250000 -0.392267
1977.333333 -0.433210
1977.416667 -0.371970
1977.500000 -0.440655
1977.583333 -0.767945
1977.666667 -0.654881
1977.750000 -0.813593
1977.833333 -0.617867
1977.916667 -0.733442
1978.000000 -0.954985
1978.083333 -0.853510
1978.166667 -0.962699
1978.250000 -1.248173
1978.333333 -0.971530
1978.416667 -0.872905
1978.500000 -0.778326
1978.583333 -0.742630
1978.666667 -0.858409
1978.750000 -1.498533
1978.833333 -1.589754
1978.916667 -1.649856
1979.000000 -1.504530
1979.083333 -1.771496
1979.166667 -1.609502
1979.250000 -1.557239
1979.333333 -1.167765
1979.416667 -1.308066
1979.500000 -1.269773
1979.583333 -1.177313
1979.666667 -1.007430
1979.750000 -0.677483
1979.833333 -0.550097
1979.916667 -0.869331
1980.000000 -0.457721
1980.083333 -0.917506
1980.166667 -0.742369
1980.250000 -0.413415
1980.333333 -0.566718
1980.416667 -0.564500
1980.500000 -0.568593
1980.583333 -0.818170
1980.666667 -0.708717
1980.750000 -0.916586
1980.833333 -0.814689
1980.916667 -0.649883
1981.000000 -0.374990
1981.083333 -0.046511
1981.166667 0.050926
1981.250000 0.160589
1981.333333 0.099375
1981.416667 0.077034
1981.500000 0.279414
1981.583333 0.450534
1981.666667 0.543567
1981.750000 0.519574
1981.833333 0.742764
1981.916667 0.448935
1982.000000 0.305409
1982.083333 0.344132
1982.166667 0.595304
1982.250000 0.280384
1982.333333 0.015774
1982.416667 -0.273344
1982.500000 -0.096172
1982.583333 0.092317
1982.666667 0.448165
1982.750000 0.966456
1982.833333 0.648172
1982.916667 0.579346
1983.000000 0.427146
1983.083333 0.152349
1983.166667 0.153362
1983.250000 0.015331
1983.333333 0.045791
1983.416667 -0.042950
1983.500000 -0.386535
1983.583333 -0.237652
1983.666667 -0.100377
1983.750000 -0.203858
1983.833333 -0.711490
1983.916667 -1.238758
1984.000000 -1.527396
1984.083333 -1.393386
1984.166667 -1.195006
1984.250000 -1.143582
1984.333333 -1.094263
1984.416667 -1.662247
1984.500000 -1.527229
1984.583333 -1.644623
1984.666667 -1.661304
1984.750000 -1.840122
1984.833333 -2.256904
1984.916667 -2.009742
1985.000000 -1.861533
1985.083333 -2.058408
1985.166667 -2.362550
1985.250000 -2.440195
1985.333333 -2.162274
1985.416667 -1.970519
1985.500000 -1.900775
1985.583333 -1.630627
1985.666667 -1.504735
1985.750000 -1.687153
1985.833333 -1.486870
1985.916667 -1.460564
1986.000000 -1.616333
1986.083333 -1.303153
1986.166667 -1.167671
1986.250000 -1.477180
1986.333333 -1.256098
1986.416667 -1.176112
1986.500000 -1.231158
1986.583333 -1.307382
1986.666667 -1.514248
1986.750000 -1.817383
1986.833333 -1.700465
1986.916667 -1.541533
1987.000000 -1.577933
1987.083333 -1.473842
1987.166667 -1.522481
1987.250000 -1.563856
1987.333333 -1.400713
1987.416667 -1.247731
1987.500000 -0.880805
1987.583333 -0.968987
1987.666667 -0.862966
1987.750000 -0.881682
1987.833333 -0.809197
1987.916667 -0.496158
1988.000000 -0.393734
1988.083333 -0.571566
1988.166667 -0.668553
1988.250000 -0.792985
1988.333333 -0.836186
1988.416667 -0.972367
1988.500000 -1.064365
1988.583333 -1.077094
1988.666667 -0.973515
1988.750000 -1.148603
1988.833333 -1.103008
1988.916667 -1.064999
1989.000000 -0.840680
1989.083333 -0.761894
1989.166667 -0.623694
1989.250000 -0.547676
1989.333333 -0.272043
1989.416667 -0.301215
1989.500000 -0.647845
1989.583333 -0.554072
1989.666667 -0.773855
1989.750000 -1.275379
1989.833333 -1.132805
1989.916667 -1.115402
1990.000000 -1.045071
1990.083333 -0.916748
1990.166667 -0.940114
1990.250000 -0.671988
1990.333333 -0.648247
1990.416667 -0.711297
1990.500000 -0.695027
1990.583333 -1.158340
1990.666667 -1.016367
1990.750000 -1.337513
1990.833333 -1.216810
1990.916667 -1.222336
1991.000000 -1.179512
1991.083333 -1.342689
1991.166667 -0.927074
1991.250000 -1.382766
1991.333333 -1.383347
1991.416667 -1.559969
1991.500000 -1.890996
1991.583333 -1.512328
1991.666667 -1.434336
1991.750000 -0.841259
1991.833333 -0.649023
1991.916667 -0.527336
1992.000000 -0.393927
1992.083333 -0.691317
1992.166667 -0.985349
1992.250000 -0.636361
1992.333333 -0.441177
1992.416667 -0.609173
1992.500000 -0.576106
1992.583333 -0.531025
1992.666667 -0.243886
1992.750000 -0.166727
1992.833333 -0.330696
1992.916667 -0.142344
1993.000000 -0.269522
1993.083333 -0.136736
1993.166667 -0.274075
1993.250000 -0.995868
1993.333333 -0.597235
1993.416667 -0.798827
1993.500000 -0.548632
1993.583333 -0.390968
1993.666667 -0.505136
1993.750000 -0.761134
1993.833333 -0.297692
1993.916667 -0.238006
1994.000000 0.062954
1994.083333 0.135873
1994.166667 0.346950
1994.250000 0.386825
1994.333333 0.076131
1994.416667 -0.105889
1994.500000 -0.015223
1994.583333 -0.289866
1994.666667 -0.359797
1994.750000 -0.372251
1994.833333 -0.105181
1994.916667 0.271263
1995.000000 -0.213180
1995.083333 -0.109729
1995.166667 0.310169
1995.250000 -0.013739
1995.333333 -0.262803
1995.416667 0.016724
1995.500000 0.056080
1995.583333 -0.073190
1995.666667 -0.022985
1995.750000 0.145869
1995.833333 0.164280
1995.916667 0.250527
1996.000000 0.295067
1996.083333 0.382989
1996.166667 0.425743
1996.250000 0.517598
1996.333333 0.474125
1996.416667 0.725840
1996.500000 0.644758
1996.583333 0.520573
1996.666667 0.186109
1996.750000 0.023036
1996.833333 0.072553
1996.916667 0.043906
1997.000000 0.195194
1997.083333 -0.064896
1997.166667 -0.194141
1997.250000 -0.628055
1997.333333 -0.655237
1997.416667 -0.398703
1997.500000 -0.264357
1997.583333 -0.334928
1997.666667 -0.200758
1997.750000 -0.118845
1997.833333 -0.308589
1997.916667 -0.520356
1998.000000 -0.705218
1998.083333 -0.568860
1998.166667 -0.406594
1998.250000 -0.291587
1998.333333 -0.332416
1998.416667 0.123394
1998.500000 0.082208
1998.583333 0.201773
1998.666667 0.246668
1998.750000 0.487632
1998.833333 0.094828
1998.916667 0.221052
1999.000000 0.179587
1999.083333 0.162960
1999.166667 -0.073469
1999.250000 -0.228947
1999.333333 0.067165
1999.416667 0.274700
1999.500000 -0.053680
1999.583333 0.014316
1999.666667 -0.088536
1999.750000 0.170611
1999.833333 0.278105
1999.916667 0.454005
2000.000000 0.435293
2000.083333 0.441232
2000.166667 0.286571
2000.250000 -0.058681
2000.333333 -0.178079
2000.416667 0.119098
2000.500000 0.432766
2000.583333 0.225540
2000.666667 0.029331
2000.750000 -0.136609
2000.833333 -0.306262
2000.916667 -0.561083
2001.000000 -0.696839
2001.083333 -0.520679
2001.166667 -0.333029
2001.250000 0.069232
2001.333333 0.030538
2001.416667 -0.463894
2001.500000 -0.578571
2001.583333 -0.806226
2001.666667 -0.860619
2001.750000 -1.004036
2001.833333 -0.751384
2001.916667 -0.922700
2002.000000 -0.894894
2002.083333 -0.456560
2002.166667 -0.448804
2002.250000 -0.818879
2002.333333 -0.590283
2002.416667 -0.468217
2002.500000 -0.332533
2002.583333 -0.168331
2002.666667 -0.385349
2002.750000 -0.605522
2002.833333 -0.556223
2002.916667 -0.931849
2003.000000 -1.098564
2003.083333 -0.803082
2003.166667 -1.073194
2003.250000 -0.963039
2003.333333 -0.693864
2003.416667 -0.690575
2003.500000 -0.776126
2003.583333 -0.456095
2003.666667 -0.761099
2003.750000 -0.360673
2003.833333 -0.559861
2003.916667 -0.540378
2004.000000 -0.780546
2004.083333 -1.007887
2004.166667 -0.754081
2004.250000 -0.718640
2004.333333 -0.582150
2004.416667 -0.867451
2004.500000 -0.926711
2004.583333 -1.186555
2004.666667 -1.160064
2004.750000 -1.022668
2004.833333 -0.880492
2004.916667 -0.739506
2005.000000 -0.871762
2005.083333 -0.717668
2005.166667 -0.800521
2005.250000 -0.470205
2005.333333 -0.500061
2005.416667 -0.215676
2005.500000 -0.297073
2005.583333 -0.141606
2005.666667 -0.090558
2005.750000 -0.430551
2005.833333 -0.268933
2005.916667 -0.476559
2006.000000 -0.877514
2006.083333 -0.822425
2006.166667 -0.541569
2006.250000 -0.360510
2006.333333 -0.549058
2006.416667 -0.930333
2006.500000 -1.522215
2006.583333 -1.626458
2006.666667 -1.699758
2006.750000 -1.687887
2006.833333 -1.355012
2006.916667 -1.362884
2007.000000 -1.573823
2007.083333 -1.786359
2007.166667 -1.954119
2007.250000 -2.051148
2007.333333 -1.916100
2007.416667 -1.933287
2007.500000 -1.893948
2007.583333 -1.814998
2007.666667 -1.714133
2007.750000 -1.514984
2007.833333 -1.202312
2007.916667 -1.398338
2008.000000 -1.426263
2008.083333 -1.412362
2008.166667 -1.407736
2008.250000 -1.179043
2008.333333 -0.979176
2008.416667 -1.097879
2008.500000 -0.682979
2008.583333 -0.545931
2008.666667 -0.373302
2008.750000 -0.504006
2008.833333 -0.310131
2008.916667 -0.378165
2009.000000 -0.588255
2009.083333 -0.544685
2009.166667 -0.765336
2009.250000 -0.994141
2009.333333 -0.861346
2009.416667 -0.653857
2009.500000 -0.793977
2009.583333 -0.551014
2009.666667 -0.266859
2009.750000 0.003128
2009.833333 0.078148
2009.916667 0.002588
2010.000000 0.354208
2010.083333 0.252737
2010.166667 0.351506
2010.250000 0.596725
2010.333333 0.970186
2010.416667 1.007659
2010.500000 1.036773
2010.583333 1.126350
2010.666667 1.142966
2010.750000 1.365070
2010.833333 1.570253
2010.916667 1.920126
2011.000000 1.850431
2011.083333 1.966226
2011.166667 1.744838
2011.250000 1.600879
2011.333333 1.883685
2011.416667 1.767834
2011.500000 1.282117
2011.583333 1.123206
2011.666667 0.973443
2011.750000 0.528827
2011.833333 0.563986
2011.916667 0.745711
2012.000000 0.609281
2012.083333 0.820360
2012.166667 0.325568
2012.250000 0.493881
2012.333333 0.481610
2012.416667 0.990689
2012.500000 0.969891
2012.583333 0.938902
2012.666667 0.909170
2012.750000 0.806885
2012.833333 0.700195
2012.916667 0.843150
2013.000000 0.884877
2013.083333 0.931647
2013.166667 0.971936
2013.250000 0.791267
2013.333333 1.206035
2013.416667 0.944785
2013.500000 1.134971
2013.583333 1.066948
2013.666667 1.278361
2013.750000 1.193467
2013.833333 1.412749
2013.916667 1.488903
2014.000000 1.717793
2014.083333 2.125500
2014.166667 2.115154
2014.250000 2.092213
2014.333333 1.488071
2014.416667 1.455726
2014.500000 1.624294
2014.583333 1.525970
2014.666667 1.502613
2014.750000 1.428863
2014.833333 0.955009
2014.916667 1.132644
2015.000000 0.944795
2015.083333 0.617617
2015.166667 0.834038
2015.250000 0.910132
2015.333333 1.022663
2015.416667 1.032017
2015.500000 0.862596
2015.583333 1.051397
2015.666667 0.834460
2015.750000 0.879657
2015.833333 0.638534
2015.916667 0.381917
2016.000000 0.569642
2016.083333 0.389745
2016.166667 0.755295
2016.250000 0.451283
2016.333333 0.694396
2016.416667 0.620474
2016.500000 0.791756
2016.583333 0.940917
2016.666667 0.513778
2016.750000 0.651980
2016.833333 0.576016
2016.916667 0.361113
2017.000000 0.603135
2017.083333 0.683893
2017.166667 0.772309
2017.250000 1.081678
2017.333333 1.293033
2017.416667 1.289637
2017.500000 1.081288
2017.583333 1.395650
2017.666667 1.220460
2017.750000 0.834904
2017.833333 1.260076
2017.916667 1.709358
2018.000000 1.301649
2018.083333 1.362438
2018.166667 1.014847
2018.250000 1.144777
2018.333333 1.023256
2018.416667 0.692155
2018.500000 0.904427
2018.583333 0.696267
2018.666667 0.782917
2018.750000 0.624610
2018.833333 1.010505
2018.916667 1.240829
2019.000000 1.117739
2019.083333 0.612948
2019.166667 0.695558
2019.250000 0.478705
2019.333333 0.750894
2019.416667 1.101763
2019.500000 1.086796
2019.583333 1.274707
2019.666667 0.952935
2019.750000 1.071183
2019.833333 1.426030
2019.916667 1.083735
2020.000000 1.231294
2020.083333 1.261527
2020.166667 1.431674
2020.250000 1.412125
2020.333333 1.361641
2020.416667 1.600765
2020.500000 1.567428
2020.583333 1.635062
2020.666667 1.282859
2020.750000 1.340500
2020.833333 1.463197
2020.916667 1.392242
2021.000000 1.345688
2021.083333 0.858792
2021.166667 0.603400
2021.250000 0.532079
2021.333333 0.452331
2021.416667 0.939775
2021.500000 1.093949
2021.583333 0.796441
2021.666667 1.295515
2021.750000 0.943675
2021.833333 0.658779
2021.916667 0.445356
2022.000000 0.425928
2022.083333 1.007468
