1880.000000 -0.122180
1880.083333 -0.332351
1880.166667 -0.220403
1880.250000 0.091352
1880.333333 0.179554
1880.416667 -0.010180
1880.500000 0.039701
1880.583333 0.234384
1880.666667 0.022210
1880.750000 -0.317081
1880.833333 -0.199676
1880.916667 0.164914
1881.000000 0.223655
1881.083333 0.055051
1881.166667 0.111910
1881.250000 0.322559
1881.333333 0.141507
1881.416667 -0.515826
1881.500000 -1.055109
1881.583333 -1.062799
1881.666667 -0.729064
1881.750000 -0.168624
1881.833333 0.265770
1881.916667 0.374151
1882.000000 0.154063
1882.083333 -0.192429
1882.166667 -0.367740
1882.250000 -0.221884
1882.333333 0.032554
1882.416667 0.235536
1882.500000 0.227121
1882.583333 0.006946
1882.666667 -0.021249
1882.750000 0.244967
1882.833333 0.555878
1882.916667 0.644224
1883.000000 0.558998
1883.083333 0.375477
1883.166667 0.190892
1883.250000 0.009718
1883.333333 -0.142068
1883.416667 -0.388701
1883.500000 -0.717086
1883.583333 -0.923143
1883.666667 -1.141253
1883.750000 -1.472434
1883.833333 -1.868248
1883.916667 -2.157607
1884.000000 -2.230958
1884.083333 -2.066819
1884.166667 -1.768194
1884.250000 -1.545322
1884.333333 -1.407694
1884.416667 -1.311239
1884.500000 -1.152426
1884.583333 -0.767047
1884.666667 -0.149134
1884.750000 0.361444
1884.833333 0.530249
1884.916667 0.301972
1885.000000 0.122221
1885.083333 0.290929
1885.166667 0.497193
1885.250000 0.371367
1885.333333 0.057847
1885.416667 -0.209195
1885.500000 -0.331298
1885.583333 -0.206017
1885.666667 0.086930
1885.750000 0.303443
1885.833333 0.212982
1885.916667 -0.002140
1886.000000 -0.095379
1886.083333 -0.120169
1886.166667 -0.179061
1886.250000 -0.199101
1886.333333 -0.129551
1886.416667 -0.202914
1886.500000 -0.474551
1886.583333 -0.486172
1886.666667 -0.213397
1886.750000 -0.068177
1886.833333 -0.114944
1886.916667 -0.311377
1887.000000 -0.706953
1887.083333 -1.164224
1887.166667 -1.610806
1887.250000 -2.054864
1887.333333 -2.307197
1887.416667 -2.399471
1887.500000 -2.872104
1887.583333 -2.939332
1887.666667 -2.496971
1887.750000 -2.383371
1887.833333 -2.346501
1887.916667 -2.292132
1888.000000 -2.035986
1888.083333 -1.631938
1888.166667 -1.508207
1888.250000 -1.398093
1888.333333 -1.187966
1888.416667 -0.884523
1888.500000 -0.769467
1888.583333 -0.895767
1888.666667 -1.002922
1888.750000 -1.031882
1888.833333 -1.033242
1888.916667 -1.057037
1889.000000 -0.892984
1889.083333 -0.281136
1889.166667 0.593980
1889.250000 1.243575
1889.333333 1.302975
1889.416667 0.996627
1889.500000 0.940365
1889.583333 0.983660
1889.666667 0.858941
1889.750000 0.588366
1889.833333 0.302447
1889.916667 -0.048539
1890.000000 -0.334725
1890.083333 -0.338417
1890.166667 -0.213475
1890.250000 -0.159898
1890.333333 -0.167810
1890.416667 -0.266638
1890.500000 -0.480370
1890.583333 -0.667120
1890.666667 -0.731550
1890.750000 -0.662794
1890.833333 -0.524596
1890.916667 -0.283058
1891.000000 -0.012612
1891.083333 0.314449
1891.166667 0.620207
1891.250000 0.798086
1891.333333 0.827720
1891.416667 0.840216
1891.500000 0.924660
1891.583333 0.950783
1891.666667 0.864828
1891.750000 0.784301
1891.833333 0.824411
1891.916667 0.932275
1892.000000 1.016858
1892.083333 1.115218
1892.166667 1.214709
1892.250000 1.217971
1892.333333 0.917484
1892.416667 0.396030
1892.500000 -0.070823
1892.583333 -0.467834
1892.666667 -0.636344
1892.750000 -0.466695
1892.833333 -0.138348
1892.916667 0.158357
1893.000000 0.235763
1893.083333 0.145649
1893.166667 0.031311
1893.250000 0.043543
1893.333333 0.271310
1893.416667 0.533624
1893.500000 0.571127
1893.583333 0.564481
1893.666667 0.725933
1893.750000 1.090436
1893.833333 1.433698
1893.916667 1.603860
1894.000000 1.764990
1894.083333 1.715196
1894.166667 1.343553
1894.250000 0.906348
1894.333333 0.763398
1894.416667 0.883582
1894.500000 0.954747
1894.583333 0.806153
1894.666667 0.576120
1894.750000 0.515221
1894.833333 0.689677
1894.916667 1.107889
1895.000000 1.575996
1895.083333 1.876713
1895.166667 1.958890
1895.250000 1.929076
1895.333333 1.750809
1895.416667 1.435242
1895.500000 1.267333
1895.583333 1.457230
1895.666667 1.597080
1895.750000 1.653895
1895.833333 1.673415
1895.916667 1.574806
1896.000000 1.193967
1896.083333 0.848502
1896.166667 0.874305
1896.250000 1.264333
1896.333333 1.596254
1896.416667 1.600332
1896.500000 1.595199
1896.583333 1.776922
1896.666667 2.015234
1896.750000 2.094480
1896.833333 1.839543
1896.916667 1.352949
1897.000000 0.900459
1897.083333 0.579516
1897.166667 0.353147
1897.250000 0.057318
1897.333333 -0.287182
1897.416667 -0.545912
1897.500000 -0.520909
1897.583333 -0.452040
1897.666667 -0.600012
1897.750000 -0.830511
1897.833333 -0.933817
1897.916667 -0.973650
1898.000000 -1.058857
1898.083333 -1.089654
1898.166667 -0.980923
1898.250000 -0.778374
1898.333333 -0.395091
1898.416667 0.065935
1898.500000 0.508633
1898.583333 0.871401
1898.666667 1.120962
1898.750000 1.144359
1898.833333 0.992481
1898.916667 0.731052
1899.000000 0.248642
1899.083333 -0.501269
1899.166667 -1.127571
1899.250000 -1.392474
1899.333333 -1.469719
1899.416667 -1.425218
1899.500000 -1.192383
1899.583333 -0.780121
1899.666667 -0.441961
1899.750000 -0.238255
1899.833333 -0.159824
1899.916667 -0.113529
1900.000000 0.030934
1900.083333 0.306034
1900.166667 0.597996
1900.250000 0.628762
1900.333333 0.385193
1900.416667 0.172542
1900.500000 0.019755
1900.583333 -0.276762
1900.666667 -0.680278
1900.750000 -0.851415
1900.833333 -0.869521
1900.916667 -0.939938
1901.000000 -1.160266
1901.083333 -1.385426
1901.166667 -1.640286
1901.250000 -1.751443
1901.333333 -1.550433
1901.416667 -1.254825
1901.500000 -0.925717
1901.583333 -0.854642
1901.666667 -0.994096
1901.750000 -1.191438
1901.833333 -1.243238
1901.916667 -1.103820
1902.000000 -0.889623
1902.083333 -0.744100
1902.166667 -0.648219
1902.250000 -0.601163
1902.333333 -0.430338
1902.416667 -0.203915
1902.500000 -0.275869
1902.583333 -0.775678
1902.666667 -1.334947
1902.750000 -1.619267
1902.833333 -1.556530
1902.916667 -1.257152
1903.000000 -0.992088
1903.083333 -1.079963
1903.166667 -1.447029
1903.250000 -1.675631
1903.333333 -1.605911
1903.416667 -1.487216
1903.500000 -1.491011
1903.583333 -1.519854
1903.666667 -1.453567
1903.750000 -1.220268
1903.833333 -0.945127
1903.916667 -0.996379
1904.000000 -1.354650
1904.083333 -1.782112
1904.166667 -2.073405
1904.250000 -1.951743
1904.333333 -1.409256
1904.416667 -1.092998
1904.500000 -1.094660
1904.583333 -1.083306
1904.666667 -0.802951
1904.750000 -0.625509
1904.833333 -0.727966
1904.916667 -1.049605
1905.000000 -1.309374
1905.083333 -1.339599
1905.166667 -1.178961
1905.250000 -0.886185
1905.333333 -0.584716
1905.416667 -0.448384
1905.500000 -0.578038
1905.583333 -0.870615
1905.666667 -1.212455
1905.750000 -1.415189
1905.833333 -1.572532
1905.916667 -1.809096
1906.000000 -2.194471
1906.083333 -2.358934
1906.166667 -2.175299
1906.250000 -1.800584
1906.333333 -1.534676
1906.416667 -1.513208
1906.500000 -1.582888
1906.583333 -1.624228
1906.666667 -1.581157
1906.750000 -1.479105
1906.833333 -1.589423
1906.916667 -1.879470
1907.000000 -2.108672
1907.083333 -2.126803
1907.166667 -2.022022
1907.250000 -1.813480
1907.333333 -1.987603
1907.416667 -2.150077
1907.500000 -2.271068
1907.583333 -2.096448
1907.666667 -1.764634
1907.750000 -1.548606
1907.833333 -1.668307
1907.916667 -1.843447
1908.000000 -1.810403
1908.083333 -1.614499
1908.166667 -1.328891
1908.250000 -1.112864
1908.333333 -0.983999
1908.416667 -0.771888
1908.500000 -0.257730
1908.583333 0.454903
1908.666667 1.138928
1908.750000 1.438493
1908.833333 1.150182
1908.916667 0.521175
1909.000000 -0.050356
1909.083333 -0.439469
1909.166667 -0.435755
1909.250000 -0.221435
1909.333333 -0.159627
1909.416667 -0.120953
1909.500000 0.139163
1909.583333 0.600818
1909.666667 1.137863
1909.750000 1.527579
1909.833333 1.725946
1909.916667 1.657220
1910.000000 1.606629
1910.083333 1.662031
1910.166667 1.529515
1910.250000 1.094733
1910.333333 0.704821
1910.416667 0.432783
1910.500000 0.233981
1910.583333 0.046563
1910.666667 -0.217444
1910.750000 -0.737395
1910.833333 -1.259312
1910.916667 -1.467547
1911.000000 -1.359999
1911.083333 -1.060158
1911.166667 -0.692351
1911.250000 -0.505798
1911.333333 -0.657193
1911.416667 -0.943253
1911.500000 -1.090983
1911.583333 -0.928220
1911.666667 -0.684914
1911.750000 -0.411543
1911.833333 -0.198450
1911.916667 -0.264621
1912.000000 -0.661274
1912.083333 -1.065285
1912.166667 -1.195051
1912.250000 -1.067777
1912.333333 -0.873278
1912.416667 -0.783323
1912.500000 -0.813582
1912.583333 -0.714539
1912.666667 -0.286699
1912.750000 0.147058
1912.833333 0.268367
1912.916667 0.040066
1913.000000 -0.143717
1913.083333 0.039869
1913.166667 0.615087
1913.250000 1.283122
1913.333333 1.723816
1913.416667 1.615091
1913.500000 1.147540
1913.583333 0.608072
1913.666667 0.360486
1913.750000 0.375960
1913.833333 0.611973
1913.916667 0.995022
1914.000000 1.085678
1914.083333 0.752008
1914.166667 0.364640
1914.250000 0.254301
1914.333333 0.270443
1914.416667 0.219674
1914.500000 -0.037439
1914.583333 -0.448818
1914.666667 -0.740381
1914.750000 -0.706464
1914.833333 -0.583990
1914.916667 -0.660772
1915.000000 -0.839069
1915.083333 -0.798257
1915.166667 -0.666463
1915.250000 -0.529357
1915.333333 -0.490880
1915.416667 -0.446966
1915.500000 -0.298973
1915.583333 -0.148234
1915.666667 -0.177163
1915.750000 -0.510997
1915.833333 -0.926595
1915.916667 -1.241429
1916.000000 -1.401915
1916.083333 -1.563879
1916.166667 -1.694575
1916.250000 -1.854193
1916.333333 -2.076220
1916.416667 -2.202304
1916.500000 -2.238057
1916.583333 -2.229246
1916.666667 -2.211392
1916.750000 -2.250565
1916.833333 -2.341118
1916.916667 -2.369952
1917.000000 -2.179189
1917.083333 -1.762669
1917.166667 -1.300757
1917.250000 -0.957321
1917.333333 -0.810934
1917.416667 -0.769204
1917.500000 -0.613438
1917.583333 -0.346073
1917.666667 -0.272739
1917.750000 -0.390080
1917.833333 -0.567834
1917.916667 -0.668802
1918.000000 -0.648742
1918.083333 -0.580321
1918.166667 -0.671969
1918.250000 -0.782826
1918.333333 -0.703880
1918.416667 -0.549561
1918.500000 -0.692927
1918.583333 -0.797176
1918.666667 -0.441788
1918.750000 0.136609
1918.833333 0.347657
1918.916667 0.387673
1919.000000 0.650200
1919.083333 0.869541
1919.166667 0.751143
1919.250000 0.417467
1919.333333 0.249492
1919.416667 0.227936
1919.500000 0.252917
1919.583333 0.153515
1919.666667 -0.123534
1919.750000 -0.512748
1919.833333 -0.708928
1919.916667 -0.449842
1920.000000 0.018858
1920.083333 0.372534
1920.166667 0.431225
1920.250000 0.264687
1920.333333 0.282523
1920.416667 0.582344
1920.500000 0.888318
1920.583333 0.921567
1920.666667 0.745683
1920.750000 0.813994
1920.833333 1.181181
1920.916667 1.449505
1921.000000 1.440872
1921.083333 1.309288
1921.166667 1.169917
1921.250000 0.988529
1921.333333 0.823020
1921.416667 0.645482
1921.500000 0.495805
1921.583333 0.381457
1921.666667 0.351826
1921.750000 0.297850
1921.833333 0.159924
1921.916667 0.062276
1922.000000 -0.039178
1922.083333 -0.381521
1922.166667 -0.647538
1922.250000 -0.365776
1922.333333 0.146330
1922.416667 0.364071
1922.500000 0.281851
1922.583333 -0.002906
1922.666667 -0.412738
1922.750000 -0.769758
1922.833333 -0.962645
1922.916667 -1.088968
1923.000000 -1.183029
1923.083333 -1.125727
1923.166667 -1.026146
1923.250000 -1.053353
1923.333333 -1.057585
1923.416667 -1.004388
1923.500000 -0.995110
1923.583333 -0.849696
1923.666667 -0.387299
1923.750000 0.015569
1923.833333 -0.120654
1923.916667 -0.569782
1924.000000 -0.716284
1924.083333 -0.245521
1924.166667 0.393571
1924.250000 0.820934
1924.333333 0.915001
1924.416667 0.859802
1924.500000 0.860990
1924.583333 0.955914
1924.666667 0.952960
1924.750000 0.751337
1924.833333 0.424446
1924.916667 0.185428
1925.000000 0.074583
1925.083333 0.095077
1925.166667 0.157818
1925.250000 0.170122
1925.333333 0.149232
1925.416667 0.201285
1925.500000 0.603210
1925.583333 1.301651
1925.666667 1.756540
1925.750000 1.837708
1925.833333 1.660681
1925.916667 1.336305
1926.000000 0.921947
1926.083333 0.751533
1926.166667 1.045972
1926.250000 1.605446
1926.333333 1.977169
1926.416667 2.009120
1926.500000 1.924727
1926.583333 1.634302
1926.666667 1.294207
1926.750000 0.974625
1926.833333 0.704646
1926.916667 0.480632
1927.000000 0.340876
1927.083333 -0.006495
1927.166667 -0.623928
1927.250000 -0.970729
1927.333333 -0.738685
1927.416667 -0.145998
1927.500000 0.309447
1927.583333 0.568509
1927.666667 0.519087
1927.750000 0.274891
1927.833333 0.123764
1927.916667 0.098934
1928.000000 0.083932
1928.083333 -0.034731
1928.166667 -0.063492
1928.250000 0.133477
1928.333333 0.355582
1928.416667 0.577838
1928.500000 0.799119
1928.583333 0.997473
1928.666667 1.194608
1928.750000 1.269643
1928.833333 1.256757
1928.916667 1.290109
1929.000000 1.464288
1929.083333 1.461784
1929.166667 1.226249
1929.250000 1.163258
1929.333333 1.212653
1929.416667 1.139367
1929.500000 0.897063
1929.583333 0.903142
1929.666667 1.239227
1929.750000 1.580015
1929.833333 1.623446
1929.916667 1.338133
1930.000000 0.775287
1930.083333 0.362480
1930.166667 0.279482
1930.250000 0.333698
1930.333333 0.376839
1930.416667 0.359725
1930.500000 0.317080
1930.583333 0.284457
1930.666667 0.305615
1930.750000 0.472501
1930.833333 0.688055
1930.916667 0.719741
1931.000000 0.692420
1931.083333 0.957842
1931.166667 1.453787
1931.250000 1.780873
1931.333333 1.914164
1931.416667 1.992761
1931.500000 2.078328
1931.583333 2.171441
1931.666667 2.282806
1931.750000 2.395002
1931.833333 2.656075
1931.916667 2.749782
1932.000000 2.599276
1932.083333 2.054271
1932.166667 1.802323
1932.250000 1.528084
1932.333333 1.189023
1932.416667 0.835151
1932.500000 0.575613
1932.583333 0.438391
1932.666667 0.491417
1932.750000 0.598094
1932.833333 0.676310
1932.916667 0.838598
1933.000000 1.130979
1933.083333 1.157989
1933.166667 0.773216
1933.250000 0.372756
1933.333333 0.169066
1933.416667 0.045251
1933.500000 -0.075041
1933.583333 -0.125674
1933.666667 -0.068473
1933.750000 -0.136683
1933.833333 -0.425142
1933.916667 -0.546598
1934.000000 -0.314630
1934.083333 -0.068878
1934.166667 -0.004707
1934.250000 -0.090373
1934.333333 -0.260683
1934.416667 -0.573691
1934.500000 -0.996823
1934.583333 -1.304807
1934.666667 -1.268905
1934.750000 -0.886654
1934.833333 -0.378263
1934.916667 -0.060495
1935.000000 0.008685
1935.083333 -0.029524
1935.166667 -0.087399
1935.250000 -0.229594
1935.333333 -0.576489
1935.416667 -0.766552
1935.500000 -0.593659
1935.583333 -0.166089
1935.666667 0.255319
1935.750000 0.600077
1935.833333 0.893547
1935.916667 1.050638
1936.000000 1.173797
1936.083333 1.179616
1936.166667 1.051137
1936.250000 0.946241
1936.333333 1.061592
1936.416667 1.351075
1936.500000 1.693439
1936.583333 1.921053
1936.666667 1.793007
1936.750000 1.420078
1936.833333 0.910013
1936.916667 0.592336
1937.000000 0.411322
1937.083333 0.249863
1937.166667 0.203479
1937.250000 0.330357
1937.333333 0.563548
1937.416667 0.766727
1937.500000 0.924507
1937.583333 0.867417
1937.666667 0.626159
1937.750000 0.453784
1937.833333 0.499661
1937.916667 0.499387
1938.000000 0.363543
1938.083333 0.206297
1938.166667 0.162257
1938.250000 0.186718
1938.333333 0.261512
1938.416667 0.320094
1938.500000 0.341713
1938.583333 0.399435
1938.666667 0.546731
1938.750000 0.579842
1938.833333 0.467056
1938.916667 0.305878
1939.000000 0.229207
1939.083333 0.257819
1939.166667 0.423796
1939.250000 0.682300
1939.333333 0.745188
1939.416667 0.562356
1939.500000 0.422481
1939.583333 0.433606
1939.666667 0.473167
1939.750000 0.523855
1939.833333 0.457867
1939.916667 0.332463
1940.000000 0.194892
1940.083333 -0.076655
1940.166667 -0.565563
1940.250000 -0.904918
1940.333333 -0.930964
1940.416667 -0.882086
1940.500000 -0.924063
1940.583333 -1.037601
1940.666667 -1.090158
1940.750000 -1.167700
1940.833333 -1.284260
1940.916667 -1.373181
1941.000000 -1.383831
1941.083333 -1.303214
1941.166667 -1.123745
1941.250000 -0.882971
1941.333333 -0.654552
1941.416667 -0.442911
1941.500000 -0.273886
1941.583333 -0.021630
1941.666667 0.498815
1941.750000 1.024763
1941.833333 1.192695
1941.916667 0.952155
1942.000000 0.597420
1942.083333 0.289614
1942.166667 0.125272
1942.250000 0.038447
1942.333333 -0.031149
1942.416667 -0.099815
1942.500000 -0.121018
1942.583333 -0.214531
1942.666667 -0.649016
1942.750000 -1.136168
1942.833333 -1.258265
1942.916667 -0.978030
1943.000000 -0.585521
1943.083333 -0.452567
1943.166667 -0.651745
1943.250000 -0.760662
1943.333333 -0.688352
1943.416667 -0.539849
1943.500000 -0.264087
1943.583333 0.288872
1943.666667 0.885802
1943.750000 1.122981
1943.833333 0.966765
1943.916667 0.806688
1944.000000 0.808131
1944.083333 0.712002
1944.166667 0.481044
1944.250000 0.179884
1944.333333 0.056138
1944.416667 0.059302
1944.500000 -0.072959
1944.583333 -0.427229
1944.666667 -0.827293
1944.750000 -1.132901
1944.833333 -1.250289
1944.916667 -1.032974
1945.000000 -0.624384
1945.083333 -0.450997
1945.166667 -0.659870
1945.250000 -0.846761
1945.333333 -0.725920
1945.416667 -0.285581
1945.500000 0.180280
1945.583333 0.391081
1945.666667 0.344590
1945.750000 0.316190
1945.833333 0.443433
1945.916667 0.539907
1946.000000 0.572443
1946.083333 0.620712
1946.166667 0.662033
1946.250000 0.574797
1946.333333 0.490265
1946.416667 0.506425
1946.500000 0.579057
1946.583333 0.551469
1946.666667 0.405959
1946.750000 0.356415
1946.833333 0.562018
1946.916667 0.954060
1947.000000 1.348124
1947.083333 1.538520
1947.166667 1.550706
1947.250000 1.453444
1947.333333 1.265867
1947.416667 1.172202
1947.500000 1.092924
1947.583333 1.054583
1947.666667 1.019520
1947.750000 1.185086
1947.833333 1.477368
1947.916667 1.680279
1948.000000 1.763778
1948.083333 1.571744
1948.166667 1.090878
1948.250000 0.576786
1948.333333 0.065242
1948.416667 -0.216700
1948.500000 -0.159212
1948.583333 -0.020466
1948.666667 0.002297
1948.750000 -0.026079
1948.833333 -0.102528
1948.916667 -0.191506
1949.000000 -0.203631
1949.083333 -0.080060
1949.166667 0.012024
1949.250000 0.063767
1949.333333 0.048531
1949.416667 -0.211757
1949.500000 -0.791627
1949.583333 -1.306739
1949.666667 -1.438125
1949.750000 -1.277599
1949.833333 -0.898533
1949.916667 -0.453165
1950.000000 -0.275189
1950.083333 -0.167102
1950.166667 0.187330
1950.250000 0.618187
1950.333333 0.623796
1950.416667 0.113067
1950.500000 -0.597419
1950.583333 -0.904720
1950.666667 -0.988402
1950.750000 -0.944291
1950.833333 -0.694393
1950.916667 -0.115887
1951.000000 0.345289
1951.083333 0.484237
1951.166667 0.300367
1951.250000 -0.001277
1951.333333 -0.231403
1951.416667 -0.488677
1951.500000 -0.738151
1951.583333 -0.905655
1951.666667 -0.921440
1951.750000 -0.724868
1951.833333 -0.189208
1951.916667 0.320959
1952.000000 0.558967
1952.083333 0.526615
1952.166667 0.517492
1952.250000 0.656218
1952.333333 0.910943
1952.416667 1.002092
1952.500000 0.991814
1952.583333 1.050002
1952.666667 1.209383
1952.750000 1.346801
1952.833333 1.223242
1952.916667 0.924942
1953.000000 0.656674
1953.083333 0.579999
1953.166667 0.658535
1953.250000 0.834962
1953.333333 0.862371
1953.416667 0.825044
1953.500000 0.692623
1953.583333 0.461960
1953.666667 0.147671
1953.750000 -0.130812
1953.833333 -0.374235
1953.916667 -0.566406
1954.000000 -0.541437
1954.083333 -0.220929
1954.166667 0.080177
1954.250000 0.166452
1954.333333 -0.163135
1954.416667 -0.712265
1954.500000 -0.971572
1954.583333 -0.735031
1954.666667 -0.122899
1954.750000 0.486713
1954.833333 0.770694
1954.916667 0.702934
1955.000000 0.444519
1955.083333 -0.063722
1955.166667 -0.674015
1955.250000 -1.047566
1955.333333 -1.147205
1955.416667 -1.040033
1955.500000 -0.749636
1955.583333 -0.495196
1955.666667 -0.416948
1955.750000 -0.324818
1955.833333 -0.050945
1955.916667 0.226969
1956.000000 0.315974
1956.083333 0.378093
1956.166667 0.594674
1956.250000 0.969434
1956.333333 1.330467
1956.416667 1.443474
1956.500000 1.261482
1956.583333 1.323824
1956.666667 1.709258
1956.750000 2.044685
1956.833333 2.274916
1956.916667 2.165476
1957.000000 1.967854
1957.083333 1.744671
1957.166667 1.627455
1957.250000 1.533459
1957.333333 1.176635
1957.416667 0.394690
1957.500000 -0.489369
1957.583333 -0.886807
1957.666667 -0.637020
1957.750000 -0.112153
1957.833333 0.186169
1957.916667 0.214601
1958.000000 0.082074
1958.083333 -0.124330
1958.166667 -0.432195
1958.250000 -0.754208
1958.333333 -0.888121
1958.416667 -0.822000
1958.500000 -0.768343
1958.583333 -0.886346
1958.666667 -0.941798
1958.750000 -0.687643
1958.833333 -0.234222
1958.916667 0.067074
1959.000000 0.286044
1959.083333 0.565568
1959.166667 0.961438
1959.250000 1.436381
1959.333333 1.717631
1959.416667 1.859142
1959.500000 1.941197
1959.583333 1.862586
1959.666667 1.733399
1959.750000 1.605933
1959.833333 1.730452
1959.916667 2.024929
1960.000000 2.272512
1960.083333 2.145995
1960.166667 1.841266
1960.250000 1.262541
1960.333333 0.651520
1960.416667 0.322290
1960.500000 0.273478
1960.583333 0.321994
1960.666667 0.369759
1960.750000 0.366238
1960.833333 0.407002
1960.916667 0.558577
1961.000000 0.567078
1961.083333 0.342521
1961.166667 0.173360
1961.250000 0.080857
1961.333333 -0.059922
1961.416667 -0.016172
1961.500000 0.301607
1961.583333 0.417731
1961.666667 -0.092214
1961.750000 -0.993430
1961.833333 -1.538280
1961.916667 -1.463932
1962.000000 -0.918896
1962.083333 -0.322032
1962.166667 -0.104978
1962.250000 -0.141056
1962.333333 -0.213753
1962.416667 -0.357804
1962.500000 -0.534541
1962.583333 -0.473201
1962.666667 -0.200650
1962.750000 -0.018212
1962.833333 -0.053984
1962.916667 -0.281852
1963.000000 -0.547192
1963.083333 -0.728826
1963.166667 -0.782273
1963.250000 -0.747371
1963.333333 -0.665322
1963.416667 -0.639810
1963.500000 -0.629915
1963.583333 -0.410880
1963.666667 -0.067245
1963.750000 0.181744
1963.833333 0.142184
1963.916667 -0.017465
1964.000000 0.000141
1964.083333 0.288248
1964.166667 0.632147
1964.250000 0.916866
1964.333333 1.021598
1964.416667 1.011620
1964.500000 0.872526
1964.583333 0.595508
1964.666667 0.197812
1964.750000 -0.345687
1964.833333 -0.930345
1964.916667 -1.171899
1965.000000 -0.861019
1965.083333 -0.150800
1965.166667 0.447452
1965.250000 0.706192
1965.333333 0.614788
1965.416667 0.455976
1965.500000 0.379462
1965.583333 0.223050
1965.666667 -0.078381
1965.750000 -0.356850
1965.833333 -0.359995
1965.916667 -0.210987
1966.000000 -0.175311
1966.083333 -0.391001
1966.166667 -0.644540
1966.250000 -0.729792
1966.333333 -0.633088
1966.416667 -0.481290
1966.500000 -0.512357
1966.583333 -0.769962
1966.666667 -1.087684
1966.750000 -1.260252
1966.833333 -1.241955
1966.916667 -0.998134
1967.000000 -0.886278
1967.083333 -1.100273
1967.166667 -1.331246
1967.250000 -1.307529
1967.333333 -1.134648
1967.416667 -0.906315
1967.500000 -0.615602
1967.583333 -0.203520
1967.666667 0.114565
1967.750000 0.188944
1967.833333 0.099652
1967.916667 -0.083287
1968.000000 -0.484296
1968.083333 -0.885570
1968.166667 -1.098414
1968.250000 -1.180375
1968.333333 -1.263424
1968.416667 -1.335127
1968.500000 -1.273499
1968.583333 -1.103503
1968.666667 -1.000809
1968.750000 -0.842805
1968.833333 -0.396823
1968.916667 0.092170
1969.000000 0.314967
1969.083333 0.298389
1969.166667 0.256301
1969.250000 0.272132
1969.333333 0.181344
1969.416667 -0.215339
1969.500000 -0.772931
1969.583333 -1.130421
1969.666667 -1.160541
1969.750000 -1.017527
1969.833333 -1.069290
1969.916667 -1.335900
1970.000000 -1.569026
1970.083333 -1.546186
1970.166667 -1.170223
1970.250000 -0.786663
1970.333333 -0.770580
1970.416667 -0.747283
1970.500000 -0.457015
1970.583333 -0.335002
1970.666667 -0.572319
1970.750000 -0.820703
1970.833333 -0.880902
1970.916667 -0.991144
1971.000000 -1.247054
1971.083333 -1.332761
1971.166667 -1.176471
1971.250000 -0.907358
1971.333333 -0.824649
1971.416667 -0.958174
1971.500000 -1.143563
1971.583333 -1.202495
1971.666667 -1.137920
1971.750000 -1.111998
1971.833333 -1.365933
1971.916667 -1.903611
1972.000000 -2.315750
1972.083333 -2.390389
1972.166667 -2.595838
1972.250000 -2.745053
1972.333333 -2.437707
1972.416667 -2.368159
1972.500000 -2.281463
1972.583333 -2.040556
1972.666667 -1.658874
1972.750000 -1.516898
1972.833333 -1.485261
1972.916667 -1.473913
1973.000000 -1.459481
1973.083333 -1.358359
1973.166667 -1.051566
1973.250000 -0.637963
1973.333333 -0.326419
1973.416667 -0.226093
1973.500000 -0.319524
1973.583333 -0.417755
1973.666667 -0.253728
1973.750000 0.180103
1973.833333 0.392666
1973.916667 0.289451
1974.000000 0.010908
1974.083333 -0.182896
1974.166667 -0.306516
1974.250000 -0.428371
1974.333333 -0.570008
1974.416667 -0.708402
1974.500000 -0.850626
1974.583333 -1.084680
1974.666667 -1.251434
1974.750000 -1.209349
1974.833333 -0.999704
1974.916667 -0.755485
1975.000000 -0.454030
1975.083333 -0.185358
1975.166667 -0.058134
1975.250000 -0.203394
1975.333333 -0.557040
1975.416667 -0.829299
1975.500000 -1.056453
1975.583333 -1.496175
1975.666667 -1.998794
1975.750000 -2.059511
1975.833333 -1.772520
1975.916667 -1.510381
1976.000000 -1.323414
1976.083333 -1.193297
1976.166667 -1.121088
1976.250000 -0.808440
1976.333333 -0.258472
1976.416667 0.180739
1976.500000 0.393971
1976.583333 0.538048
1976.666667 0.323972
1976.750000 -0.377309
1976.833333 -1.173605
1976.916667 -1.431506
1977.000000 -1.367302
1977.083333 -1.236832
1977.166667 -1.014728
1977.250000 -0.748176
1977.333333 -0.410777
1977.416667 -0.126656
1977.500000 0.064317
1977.583333 0.259644
1977.666667 0.293054
1977.750000 0.060093
1977.833333 -0.288535
1977.916667 -0.508058
1978.000000 -0.444752
1978.083333 -0.344630
1978.166667 -0.486919
1978.250000 -0.726717
1978.333333 -0.867423
1978.416667 -0.915230
1978.500000 -0.825111
1978.583333 -0.431100
1978.666667 -0.007483
1978.750000 0.024242
1978.833333 -0.262845
1978.916667 -0.499792
1979.000000 -0.392211
1979.083333 -0.100663
1979.166667 0.192677
1979.250000 0.354729
1979.333333 0.436790
1979.416667 0.464712
1979.500000 0.432076
1979.583333 0.346209
1979.666667 0.204507
1979.750000 -0.014551
1979.833333 -0.218326
1979.916667 -0.303665
1980.000000 -0.144516
1980.083333 0.152123
1980.166667 0.271037
1980.250000 0.141061
1980.333333 -0.022982
1980.416667 -0.026397
1980.500000 0.026303
1980.583333 -0.026593
1980.666667 -0.215788
1980.750000 -0.627165
1980.833333 -1.238972
1980.916667 -1.646050
1981.000000 -1.626582
1981.083333 -1.325995
1981.166667 -0.936512
1981.250000 -0.569737
1981.333333 -0.169628
1981.416667 0.174412
1981.500000 0.492509
1981.583333 0.679817
1981.666667 0.674649
1981.750000 0.487813
1981.833333 0.231653
1981.916667 0.027634
1982.000000 0.004293
1982.083333 0.238572
1982.166667 0.545858
1982.250000 0.792417
1982.333333 1.087256
1982.416667 1.379091
1982.500000 1.433329
1982.583333 1.198843
1982.666667 0.999935
1982.750000 0.924023
1982.833333 0.802204
1982.916667 0.715557
1983.000000 0.776944
1983.083333 0.929183
1983.166667 1.127157
1983.250000 1.241439
1983.333333 1.162448
1983.416667 0.789203
1983.500000 0.396667
1983.583333 0.126721
1983.666667 -0.156609
1983.750000 -0.370023
1983.833333 -0.530523
1983.916667 -0.696191
1984.000000 -0.717916
1984.083333 -0.438179
1984.166667 -0.158202
1984.250000 -0.139899
1984.333333 -0.186370
1984.416667 -0.109584
1984.500000 0.126285
1984.583333 0.410348
1984.666667 0.599568
1984.750000 0.580271
1984.833333 0.440918
1984.916667 0.412612
1985.000000 0.640067
1985.083333 1.080621
1985.166667 1.467340
1985.250000 1.826738
1985.333333 2.194089
1985.416667 2.504897
1985.500000 2.297186
1985.583333 2.042977
1985.666667 2.036593
1985.750000 2.114400
1985.833333 2.182586
1985.916667 2.128315
1986.000000 2.311255
1986.083333 2.729943
1986.166667 2.861573
1986.250000 2.547205
1986.333333 1.997536
1986.416667 1.645774
1986.500000 1.583090
1986.583333 1.481160
1986.666667 1.234497
1986.750000 1.072284
1986.833333 1.007024
1986.916667 0.885189
1987.000000 0.522813
1987.083333 0.080400
1987.166667 -0.110558
1987.250000 -0.071931
1987.333333 -0.060090
1987.416667 -0.134810
1987.500000 -0.235984
1987.583333 -0.410009
1987.666667 -0.427065
1987.750000 -0.198040
1987.833333 -0.001615
1987.916667 -0.165504
1988.000000 -0.771403
1988.083333 -1.374335
1988.166667 -1.567478
1988.250000 -1.406202
1988.333333 -1.006649
1988.416667 -0.413736
1988.500000 -0.015609
1988.583333 0.090380
1988.666667 0.028872
1988.750000 -0.031530
1988.833333 -0.132448
1988.916667 -0.453295
1989.000000 -0.887465
1989.083333 -0.964910
1989.166667 -0.385607
1989.250000 0.286517
1989.333333 0.317940
1989.416667 -0.300765
1989.500000 -0.902794
1989.583333 -0.844719
1989.666667 -0.209713
1989.750000 0.426165
1989.833333 0.790405
1989.916667 0.860429
1990.000000 0.815244
1990.083333 0.768532
1990.166667 0.705477
1990.250000 0.707221
1990.333333 0.854730
1990.416667 1.078456
1990.500000 1.058531
1990.583333 0.811075
1990.666667 0.553888
1990.750000 0.468145
1990.833333 0.547769
1990.916667 0.621401
1991.000000 0.938503
1991.083333 1.384602
1991.166667 1.687035
1991.250000 1.768997
1991.333333 1.811070
1991.416667 1.902461
1991.500000 1.960020
1991.583333 1.932751
1991.666667 1.760180
1991.750000 1.542119
1991.833333 1.359977
1991.916667 1.227266
1992.000000 1.078151
1992.083333 0.897974
1992.166667 0.935201
1992.250000 1.275219
1992.333333 1.751900
1992.416667 1.987164
1992.500000 1.996120
1992.583333 1.901217
1992.666667 1.625094
1992.750000 1.490929
1992.833333 1.532016
1992.916667 1.501217
1993.000000 1.193210
1993.083333 0.835528
1993.166667 0.634094
1993.250000 0.609142
1993.333333 0.690907
1993.416667 0.631273
1993.500000 0.389616
1993.583333 0.095998
1993.666667 -0.032467
1993.750000 0.115051
1993.833333 0.466178
1993.916667 0.643269
1994.000000 0.600901
1994.083333 0.613986
1994.166667 0.856666
1994.250000 1.088112
1994.333333 1.225055
1994.416667 1.356661
1994.500000 1.248569
1994.583333 0.709099
1994.666667 -0.081440
1994.750000 -0.758117
1994.833333 -0.630517
1994.916667 0.183856
1995.000000 0.829933
1995.083333 0.985777
1995.166667 0.787520
1995.250000 0.349545
1995.333333 -0.127695
1995.416667 -0.503507
1995.500000 -0.688455
1995.583333 -0.885022
1995.666667 -1.162198
1995.750000 -1.348314
1995.833333 -1.288962
1995.916667 -0.912691
1996.000000 -0.396406
1996.083333 -0.072206
1996.166667 0.037281
1996.250000 0.143623
1996.333333 0.431929
1996.416667 0.862481
1996.500000 1.039884
1996.583333 0.739237
1996.666667 0.326528
1996.750000 0.166288
1996.833333 0.358061
1996.916667 0.691948
1997.000000 0.861833
1997.083333 0.827283
1997.166667 0.710110
1997.250000 0.679021
1997.333333 0.757584
1997.416667 0.989143
1997.500000 1.232263
1997.583333 1.170890
1997.666667 0.880038
1997.750000 0.683794
1997.833333 0.576564
1997.916667 0.421952
1998.000000 0.304948
1998.083333 0.285216
1998.166667 0.264168
1998.250000 0.235295
1998.333333 0.306700
1998.416667 0.468806
1998.500000 0.502250
1998.583333 0.368779
1998.666667 0.250704
1998.750000 0.230357
1998.833333 0.290318
1998.916667 0.511392
1999.000000 0.693938
1999.083333 0.695387
1999.166667 0.597199
1999.250000 0.555199
1999.333333 0.530585
1999.416667 0.531137
1999.500000 0.573495
1999.583333 0.475287
1999.666667 -0.024878
1999.750000 -0.753650
1999.833333 -1.135304
1999.916667 -1.072922
2000.000000 -0.817707
2000.083333 -0.573991
2000.166667 -0.429388
2000.250000 -0.342359
2000.333333 -0.295159
2000.416667 -0.345414
2000.500000 -0.598538
2000.583333 -0.885526
2000.666667 -1.048871
2000.750000 -1.060854
2000.833333 -0.916725
2000.916667 -0.402083
2001.000000 0.295709
2001.083333 0.816950
2001.166667 0.992937
2001.250000 0.934475
2001.333333 0.654806
2001.416667 0.337844
2001.500000 0.254510
2001.583333 0.428299
2001.666667 0.636738
2001.750000 0.630918
2001.833333 0.542758
2001.916667 0.698782
2002.000000 0.965614
2002.083333 0.842799
2002.166667 0.455379
2002.250000 0.217365
2002.333333 0.313732
2002.416667 0.570514
2002.500000 0.665573
2002.583333 0.594485
2002.666667 0.524432
2002.750000 0.449821
2002.833333 0.343114
2002.916667 0.406149
2003.000000 0.642354
2003.083333 0.833950
2003.166667 0.670562
2003.250000 0.301655
2003.333333 0.119950
2003.416667 0.117438
2003.500000 0.158622
2003.583333 0.298712
2003.666667 0.569495
2003.750000 0.746320
2003.833333 0.795735
2003.916667 0.833506
2004.000000 0.926968
2004.083333 0.997247
2004.166667 1.012611
2004.250000 1.002635
2004.333333 1.145603
2004.416667 1.281190
2004.500000 1.430647
2004.583333 1.365630
2004.666667 1.300919
2004.750000 1.138454
2004.833333 0.876847
2004.916667 0.749489
2005.000000 0.805452
2005.083333 0.994353
2005.166667 1.169737
2005.250000 1.140325
2005.333333 1.066517
2005.416667 1.193637
2005.500000 1.591478
2005.583333 1.887912
2005.666667 1.766074
2005.750000 1.386620
2005.833333 1.202008
2005.916667 1.167075
2006.000000 0.941501
2006.083333 0.599880
2006.166667 0.343696
2006.250000 0.034052
2006.333333 -0.393146
2006.416667 -0.686812
2006.500000 -0.814874
2006.583333 -0.845521
2006.666667 -0.700876
2006.750000 -0.526743
2006.833333 -0.587595
2006.916667 -0.784479
2007.000000 -1.040788
2007.083333 -1.327869
2007.166667 -1.593486
2007.250000 -1.598900
2007.333333 -1.420335
2007.416667 -1.174778
2007.500000 -0.848111
2007.583333 -0.709405
2007.666667 -0.863825
2007.750000 -1.066553
2007.833333 -1.124881
2007.916667 -1.134025
2008.000000 -1.175693
2008.083333 -1.045291
2008.166667 -0.765155
2008.250000 -0.404051
2008.333333 -0.265373
2008.416667 -0.344075
2008.500000 -0.416186
2008.583333 -0.343079
2008.666667 -0.205418
2008.750000 -0.171690
2008.833333 -0.195339
2008.916667 -0.160696
2009.000000 -0.076925
2009.083333 0.018203
2009.166667 0.050450
2009.250000 -0.068709
2009.333333 -0.394131
2009.416667 -0.621351
2009.500000 -0.577970
2009.583333 -0.567371
2009.666667 -0.868177
2009.750000 -1.274609
2009.833333 -1.466047
2009.916667 -1.363752
2010.000000 -1.165737
2010.083333 -1.043561
2010.166667 -1.096825
2010.250000 -1.231285
2010.333333 -1.330233
2010.416667 -1.400348
2010.500000 -1.306112
2010.583333 -1.256797
2010.666667 -1.576437
2010.750000 -2.048922
2010.833333 -2.082336
2010.916667 -1.819721
2011.000000 -1.709678
2011.083333 -1.698785
2011.166667 -1.583438
2011.250000 -1.291425
2011.333333 -0.885357
2011.416667 -0.582886
2011.500000 -0.616638
2011.583333 -0.865275
2011.666667 -1.108850
2011.750000 -1.240988
2011.833333 -1.236219
2011.916667 -1.139792
2012.000000 -1.004160
2012.083333 -0.739368
2012.166667 -0.315706
2012.250000 0.034878
2012.333333 -0.017211
2012.416667 -0.461123
2012.500000 -0.969112
2012.583333 -1.087401
2012.666667 -0.843776
2012.750000 -0.397879
2012.833333 -0.143122
2012.916667 -0.065180
2013.000000 0.102216
2013.083333 0.313440
2013.166667 0.420510
2013.250000 0.376560
2013.333333 0.419198
2013.416667 0.716959
2013.500000 1.286046
2013.583333 1.814094
2013.666667 1.982352
2013.750000 1.794854
2013.833333 1.548658
2013.916667 1.472239
2014.000000 1.404170
2014.083333 1.196330
2014.166667 1.034621
2014.250000 1.178998
2014.333333 1.512139
2014.416667 1.817815
2014.500000 1.933132
2014.583333 1.771032
2014.666667 1.552645
2014.750000 1.524187
2014.833333 1.676901
2014.916667 1.899542
2015.000000 2.185761
2015.083333 2.796870
2015.166667 2.952151
2015.250000 2.709561
2015.333333 2.249018
2015.416667 2.041419
2015.500000 2.001982
2015.583333 1.944538
2015.666667 1.851442
2015.750000 1.843875
2015.833333 1.787121
2015.916667 1.666997
2016.000000 1.682181
2016.083333 1.955208
2016.166667 2.227596
2016.250000 2.483788
2016.333333 2.136816
2016.416667 1.574550
2016.500000 0.647834
2016.583333 -0.027513
2016.666667 -0.204815
2016.750000 -0.115452
2016.833333 -0.041654
2016.916667 -0.058032
2017.000000 -0.116526
2017.083333 -0.219333
2017.166667 -0.308302
2017.250000 -0.218960
2017.333333 -0.056082
2017.416667 0.126062
2017.500000 0.316342
2017.583333 0.452391
2017.666667 0.434212
2017.750000 0.383407
2017.833333 0.429792
2017.916667 0.445855
2018.000000 0.316011
2018.083333 0.155977
2018.166667 0.020799
2018.250000 -0.013009
2018.333333 0.120599
2018.416667 0.269931
2018.500000 0.172084
2018.583333 -0.119175
2018.666667 -0.256982
2018.750000 -0.184708
2018.833333 -0.299607
2018.916667 -0.532001
2019.000000 -0.440975
2019.083333 -0.117247
2019.166667 0.079946
2019.250000 0.116724
2019.333333 0.229598
2019.416667 0.370208
2019.500000 0.120722
2019.583333 -0.646611
2019.666667 -1.317891
2019.750000 -1.304257
2019.833333 -0.720855
2019.916667 -0.084912
2020.000000 0.094229
2020.083333 -0.005623
2020.166667 -0.165068
2020.250000 -0.353886
2020.333333 -0.732623
2020.416667 -1.059776
2020.500000 -1.019324
2020.583333 -0.504802
2020.666667 0.107988
2020.750000 0.351212
2020.833333 0.144972
2020.916667 -0.329960
2021.000000 -0.737919
2021.083333 -0.879437
2021.166667 -0.884732
2021.250000 -0.825214
2021.333333 -0.679066
2021.416667 -0.513408
2021.500000 -0.413868
2021.583333 -0.298472
2021.666667 -0.114844
2021.750000 -0.046121
2021.833333 -0.222385
2021.916667 -0.634515
2022.000000 -0.958142
2022.083333 -1.102396
2022.166667 -1.161203
2022.250000 -1.116912
2022.333333 -0.990741
2022.416667 -0.972461
2022.500000 -1.003622
2022.583333 -0.909543
2022.666667 -0.640309
2022.750000 -0.452305
2022.833333 -0.569353
2022.916667 -0.682778
2023.000000 -0.518970
2023.083333 -0.264458
2023.166667 -0.332860
2023.250000 -0.726082
2023.333333 -1.094024
2023.416667 -1.355923
2023.500000 -1.540121
2023.583333 -1.568587
2023.666667 -1.381584
2023.750000 -1.245540
2023.833333 -0.933208
2023.916667 -0.513077
2024.000000 -0.277678
2024.083333 -0.555148
2024.166667 -1.035895
2024.250000 -1.171657
2024.333333 -0.858065
2024.416667 -0.482549
2024.500000 -0.502209
2024.583333 -0.723431
2024.666667 -0.704593
2024.750000 -0.336710
2024.833333 0.041040
2024.916667 0.177746
2025.000000 -0.018866
2025.083333 -0.320492
2025.166667 -0.531370
2025.250000 -0.578312
2025.333333 -0.605886
2025.416667 -0.591033
2025.500000 -0.400675
2025.583333 -0.072649
2025.666667 0.208196
2025.750000 0.325645
2025.833333 0.292306
2025.916667 0.141317
