1880.000000 1.615091
1880.083333 1.066517
1880.166667 0.461960
1880.250000 1.127157
1880.333333 2.136816
1880.416667 2.504897
1880.500000 2.182586
1880.583333 1.901217
1880.666667 1.574806
1880.750000 1.261482
1880.833333 1.226249
1880.916667 1.281190
1881.000000 1.657220
1881.083333 1.676901
1881.166667 0.985777
1881.250000 0.181344
1881.333333 0.095998
1881.416667 -0.219333
1881.500000 -0.943253
1881.583333 -1.006649
1881.666667 -0.448818
1881.750000 0.102216
1881.833333 0.359725
1881.916667 0.692420
1882.000000 1.137863
1882.083333 1.085678
1882.166667 1.051137
1882.250000 1.012611
1882.333333 1.080621
1882.416667 1.050002
1882.500000 1.092924
1882.583333 1.433698
1882.666667 1.532016
1882.750000 1.122981
1882.833333 0.558998
1882.916667 0.286517
1883.000000 0.640067
1883.083333 1.169917
1883.166667 0.632147
1883.250000 -0.216700
1883.333333 -0.615602
1883.416667 -0.709405
1883.500000 -0.912691
1883.583333 -1.175693
1883.666667 -0.885357
1883.750000 -0.186370
1883.833333 0.497193
1883.916667 0.580271
1884.000000 0.046563
1884.083333 -0.907358
1884.166667 -1.195051
1884.250000 -1.043561
1884.333333 -1.164224
1884.416667 -1.300757
1884.500000 -0.923143
1884.583333 -0.439469
1884.666667 0.041040
1884.750000 0.654806
1884.833333 1.512139
1884.916667 1.793007
1885.000000 1.002635
1885.083333 -0.115887
1885.166667 -0.300765
1885.250000 0.806688
1885.333333 1.760180
1885.416667 1.715196
1885.500000 0.950783
1885.583333 0.688055
1885.666667 1.021598
1885.750000 1.477368
1885.833333 1.301651
1885.916667 1.054583
1886.000000 1.580015
1886.083333 1.982352
1886.166667 2.044685
1886.250000 1.914164
1886.333333 1.575996
1886.416667 0.858941
1886.500000 0.342521
1886.583333 0.393571
1886.666667 0.620207
1886.750000 0.577838
1886.833333 0.141507
1886.916667 -0.114944
1887.000000 0.244967
1887.083333 0.433606
1887.166667 -0.276762
1887.250000 -1.274609
1887.333333 -1.415189
1887.416667 -0.854642
1887.500000 -0.311377
1887.583333 -0.214531
1887.666667 0.229207
1887.750000 0.631273
1887.833333 0.144972
1887.916667 -1.420335
1888.000000 -2.399471
1888.083333 -2.281463
1888.166667 -1.193297
1888.250000 -0.737395
1888.333333 -0.885570
1888.416667 -0.771888
1888.500000 -0.425142
1888.583333 -0.184708
1888.666667 -0.072959
1888.750000 -0.150800
1888.833333 -0.396823
1888.916667 -0.549561
1889.000000 -0.585521
1889.083333 -0.597419
1889.166667 -0.884523
1889.250000 -0.939938
1889.333333 -0.505798
1889.416667 -0.041654
1889.500000 -0.199101
1889.583333 0.031311
1889.666667 0.860429
1889.750000 1.404170
1889.833333 1.189023
1889.916667 0.915001
1890.000000 0.531137
1890.083333 0.169066
1890.166667 -0.134810
1890.250000 -0.441961
1890.333333 -0.995110
1890.416667 -1.171899
1890.500000 -0.958174
1890.583333 -0.015609
1890.666667 0.689677
1890.750000 0.712002
1890.833333 -0.012612
1890.916667 -1.045291
1891.000000 -1.513208
1891.083333 -1.381584
1891.166667 -1.084680
1891.250000 -0.680278
1891.333333 -0.512357
1891.416667 -0.944291
1891.500000 -1.339599
1891.583333 -1.479105
1891.666667 -1.675631
1891.750000 -2.194471
1891.833333 -1.843447
1891.916667 -1.003622
1892.000000 0.143623
1892.083333 0.749489
1892.166667 0.813994
1892.250000 0.626159
1892.333333 0.484237
1892.416667 0.665573
1892.500000 0.261512
1892.583333 -1.167700
1892.666667 -2.437707
1892.750000 -2.745053
1892.833333 -1.854193
1892.916667 -1.400348
1893.000000 -1.373181
1893.083333 -1.124881
1893.166667 -0.385607
1893.250000 0.563548
1893.333333 1.145603
1893.416667 1.234497
1893.500000 0.935201
1893.583333 0.248642
1893.666667 -0.226093
1893.750000 0.194892
1893.833333 0.938503
1893.916667 0.811075
1894.000000 -0.428371
1894.083333 -1.277599
1894.166667 -1.328891
1894.250000 -0.873278
1894.333333 0.090380
1894.416667 1.138928
1894.500000 1.595199
1894.583333 0.833506
1894.666667 -0.374235
1894.750000 -0.778374
1894.833333 -0.113529
1894.916667 0.551469
1895.000000 0.599880
1895.083333 0.499387
1895.166667 0.436790
1895.250000 0.162257
1895.333333 -0.400675
1895.416667 -0.674015
1895.500000 -0.298472
1895.583333 0.428299
1895.666667 0.745188
1895.750000 -0.122899
1895.833333 -0.958142
1895.916667 -0.486919
1896.000000 0.288872
1896.083333 0.432783
1896.166667 0.555878
1896.250000 0.594674
1896.333333 0.447452
1896.416667 0.271310
1896.500000 0.314449
1896.583333 0.487813
1896.666667 0.842799
1896.750000 0.181744
1896.833333 -0.962645
1896.916667 -1.304807
1897.000000 -0.768343
1897.083333 0.289614
1897.166667 1.072284
1897.250000 1.078456
1897.333333 0.369759
1897.416667 -0.198450
1897.500000 -0.526743
1897.583333 -0.692927
1897.666667 -0.684914
1897.750000 -0.696191
1897.833333 -0.706953
1897.916667 -0.273886
1898.000000 0.558967
1898.083333 0.763398
1898.166667 0.270443
1898.250000 0.227121
1898.333333 0.391081
1898.416667 0.083932
1898.500000 -0.388701
1898.583333 0.098934
1898.666667 0.835151
1898.750000 0.992937
1898.833333 0.618187
1898.916667 0.201285
1899.000000 -0.887465
1899.083333 -1.903611
1899.166667 -2.238057
1899.250000 -1.640286
1899.333333 -1.425218
1899.416667 -0.930964
1899.500000 0.141317
1899.583333 1.002092
1899.666667 1.309288
1899.750000 0.916866
1899.833333 0.282523
1899.916667 0.227936
1900.000000 0.806153
1900.083333 1.596254
1900.166667 1.933132
1900.250000 1.862586
1900.333333 1.430647
1900.416667 0.647834
1900.500000 0.274891
1900.583333 0.467056
1900.666667 -0.136683
1900.750000 -1.060854
1900.833333 -0.978030
1900.916667 -0.132448
1901.000000 0.142184
1901.083333 0.024242
1901.166667 0.158622
1901.250000 0.079946
1901.333333 -0.344075
1901.416667 -0.740381
1901.500000 -0.964910
1901.583333 -1.108850
1901.666667 -1.103820
1901.750000 -0.520909
1901.833333 0.192677
1901.916667 0.233981
1902.000000 -0.026397
1902.083333 -0.410880
1902.166667 -0.687643
1902.250000 -0.442911
1902.333333 0.206297
1902.416667 0.656674
1902.500000 0.185428
1902.583333 -0.906315
1902.666667 -1.173605
1902.750000 -0.482549
1902.833333 0.125272
1902.916667 0.094229
1903.000000 -0.122180
1903.083333 -0.879437
1903.166667 -1.548606
1903.250000 -1.668307
1903.333333 -0.668802
1903.416667 0.410348
1903.500000 0.481044
1903.583333 -0.039178
1903.666667 -0.159212
1903.750000 -0.229594
1903.833333 -0.411543
1903.916667 0.152123
1904.000000 1.212653
1904.083333 1.997536
1904.166667 1.859142
1904.250000 0.320094
1904.333333 -0.902794
1904.416667 -0.767047
1904.500000 -0.728826
1904.583333 -1.065285
1904.666667 -1.161203
1904.750000 -0.601163
1904.833333 0.303443
1904.916667 0.897063
1905.000000 0.636738
1905.083333 0.354729
1905.166667 0.341713
1905.250000 0.166452
1905.333333 -0.143122
1905.416667 -0.129551
1905.500000 0.018858
1905.583333 0.067074
1905.666667 0.305615
1905.750000 0.598094
1905.833333 0.443433
1905.916667 0.426165
1906.000000 0.815244
1906.083333 0.860990
1906.166667 0.231653
1906.250000 -0.338417
1906.333333 -0.775678
1906.416667 -1.048871
1906.500000 -1.111998
1906.583333 -0.410777
1906.666667 0.300367
1906.750000 0.579057
1906.833333 0.746320
1906.916667 0.893547
1907.000000 0.495805
1907.083333 -0.343079
1907.166667 -0.115452
1907.250000 0.795735
1907.333333 1.583090
1907.416667 1.552645
1907.500000 1.139367
1907.583333 0.924660
1907.666667 0.715557
1907.750000 0.454903
1907.833333 0.298389
1907.916667 -0.060495
1908.000000 -0.336710
1908.083333 -0.213397
1908.166667 0.115051
1908.250000 0.579516
1908.333333 0.997473
1908.416667 1.323824
1908.500000 1.932751
1908.583333 2.656075
1908.666667 2.861573
1908.750000 2.165476
1908.833333 1.172202
1908.916667 1.198843
1909.000000 1.787121
1909.083333 1.733399
1909.166667 1.214709
1909.250000 0.326528
1909.333333 -0.582886
1909.416667 -1.069290
1909.500000 -0.909543
1909.583333 -0.449842
1909.666667 -0.387299
1909.750000 -0.555148
1909.833333 -0.192429
1909.916667 0.250704
1910.000000 0.558577
1910.083333 0.519087
1910.166667 0.790405
1910.250000 1.173797
1910.333333 1.538520
1910.416667 1.841266
1910.500000 2.145995
1910.583333 2.194089
1910.666667 1.811070
1910.750000 0.704646
1910.833333 -0.211757
1910.916667 -0.780121
1911.000000 -0.660772
1911.083333 -0.495196
1911.166667 -0.573991
1911.250000 -0.700876
1911.333333 -0.489369
1911.416667 -0.084912
1911.500000 -0.253728
1911.583333 -0.569737
1911.666667 -0.802951
1911.750000 -1.365933
1911.833333 -2.229246
1911.916667 -2.211392
1912.000000 -1.137920
1912.083333 0.297850
1912.166667 1.338133
1912.250000 1.490929
1912.333333 1.094733
1912.416667 0.702934
1912.500000 0.745683
1912.583333 0.682300
1912.666667 0.611973
1912.750000 0.594485
1912.833333 0.305878
1912.916667 -0.068709
1913.000000 0.292306
1913.083333 1.265867
1913.166667 1.634302
1913.250000 0.900459
1913.333333 0.080400
1913.416667 -0.277678
1913.500000 -0.621351
1913.583333 -1.004388
1913.666667 -1.491011
1913.750000 -2.108672
1913.833333 -2.175299
1913.916667 -1.171657
1914.000000 0.120599
1914.083333 0.862371
1914.166667 0.170122
1914.250000 -1.057585
1914.333333 -0.971572
1914.416667 0.065935
1914.500000 0.784301
1914.583333 0.974625
1914.666667 1.150182
1914.750000 0.924023
1914.833333 0.281851
1914.916667 -0.165504
1915.000000 -0.159627
1915.083333 -0.160696
1915.166667 -0.446966
1915.250000 -1.000809
1915.333333 -1.250289
1915.416667 -0.461123
1915.500000 0.570514
1915.583333 0.256301
1915.666667 -0.723431
1915.750000 -0.869521
1915.833333 -0.714539
1915.916667 -0.886278
1916.000000 -0.739368
1916.083333 -0.258472
1916.166667 0.126062
1916.250000 -0.095379
1916.333333 -0.904720
1916.416667 -1.545322
1916.500000 -2.271068
1916.583333 -2.341118
1916.666667 -1.631938
1916.750000 -1.136168
1916.833333 -0.649016
1916.916667 -0.032467
1917.000000 0.146330
1917.083333 -0.200650
1917.166667 -0.427065
1917.250000 -0.058032
1917.333333 0.301972
1917.416667 0.662033
1917.500000 0.924942
1917.583333 0.799119
1917.666667 0.431225
1917.750000 0.039701
1917.833333 -0.573691
1917.916667 -0.945127
1918.000000 -0.825214
1918.083333 -0.546598
1918.166667 -0.102528
1918.250000 0.929183
1918.333333 1.653895
1918.416667 1.138454
1918.500000 0.145649
1918.583333 -0.727966
1918.666667 -1.374335
1918.750000 -1.496175
1918.833333 -0.983999
1918.916667 -0.149134
1919.000000 0.340876
1919.083333 0.588366
1919.166667 1.717631
1919.250000 2.274916
1919.333333 1.756540
1919.416667 0.595508
1919.500000 0.421952
1919.583333 0.517492
1919.666667 0.431929
1919.750000 0.522813
1919.833333 0.805452
1919.916667 0.833950
1920.000000 0.848502
1920.083333 0.676310
1920.166667 0.288248
1920.250000 -0.381521
1920.333333 -0.633088
1920.416667 -0.413736
1920.500000 -0.394131
1920.583333 -0.320492
1920.666667 0.301655
1920.750000 0.695387
1920.833333 0.628762
1920.916667 0.542758
1921.000000 0.419198
1921.083333 0.453784
1921.166667 0.389616
1921.250000 0.197812
1921.333333 -0.018866
1921.416667 -0.235984
1921.500000 -0.760662
1921.583333 -1.098414
1921.666667 -1.100273
1921.750000 -0.694393
1921.833333 0.123764
1921.916667 0.691948
1922.000000 1.007024
1922.083333 0.934475
1922.166667 0.316011
1922.250000 -0.427229
1922.333333 -0.716284
1922.416667 -0.648742
1922.500000 -1.330233
1922.583333 -2.390389
1922.666667 -2.939332
1922.750000 -2.040556
1922.833333 -0.087399
1922.916667 0.576120
1923.000000 0.187330
1923.083333 -0.215788
1923.166667 -0.063722
1923.250000 0.562018
1923.333333 0.808131
1923.416667 0.179884
1923.500000 -0.636344
1923.583333 -0.915230
1923.666667 -1.087684
1923.750000 -1.141253
1923.833333 -1.049605
1923.916667 -0.753650
1924.000000 -0.410009
1924.083333 -0.272739
1924.166667 -0.256982
1924.250000 -0.053984
1924.333333 0.082074
1924.416667 -0.116526
1924.500000 -0.820703
1924.583333 -1.273499
1924.666667 -1.094024
1924.750000 -0.481290
1924.833333 -0.125674
1924.916667 -0.175311
1925.000000 -0.314630
1925.083333 0.034052
1925.166667 0.468145
1925.250000 0.623796
1925.333333 0.333698
1925.416667 0.157818
1925.500000 0.370208
1925.583333 0.600818
1925.666667 0.862481
1925.750000 1.239227
1925.833333 1.283122
1925.916667 1.193967
1926.000000 0.910013
1926.083333 0.521175
1926.166667 0.114565
1926.250000 0.080177
1926.333333 0.405959
1926.416667 0.498815
1926.500000 -0.065180
1926.583333 -0.539849
1926.666667 -0.569782
1926.750000 -0.022982
1926.833333 0.420510
1926.916667 0.249863
1927.000000 -1.288962
1927.083333 -2.595838
1927.166667 -2.872104
1927.250000 -1.626582
1927.333333 0.249492
1927.416667 1.453444
1927.500000 1.185086
1927.583333 0.321994
1927.666667 -0.345414
1927.750000 -0.217444
1927.833333 0.316342
1927.916667 0.553888
1928.000000 0.337844
1928.083333 -0.070823
1928.166667 -0.444752
1928.250000 -0.508058
1928.333333 -0.580321
1928.416667 -0.179061
1928.500000 0.643269
1928.583333 0.820934
1928.666667 0.238572
1928.750000 -0.021249
1928.833333 0.015569
1928.916667 0.038447
1929.000000 0.173360
1929.083333 0.172084
1929.166667 0.111910
1929.250000 0.347657
1929.333333 0.582344
1929.416667 0.362480
1929.500000 -0.072206
1929.583333 -0.452567
1929.666667 -0.682778
1929.750000 -0.640309
1929.833333 -0.729792
1929.916667 -0.130812
1930.000000 0.861833
1930.083333 1.687035
1930.166667 1.750809
1930.250000 1.343553
1930.333333 0.679021
1930.416667 0.186169
1930.500000 -0.034731
1930.583333 -0.416948
1930.666667 -0.737919
1930.750000 -0.830511
1930.833333 -1.014728
1930.916667 -0.863825
1931.000000 -0.218326
1931.083333 0.219674
1931.166667 0.229598
1931.250000 -0.231403
1931.333333 -1.132901
1931.416667 -1.998794
1931.500000 -2.292132
1931.583333 -1.782112
1931.666667 -1.019324
1931.750000 -0.569353
1931.833333 -0.303665
1931.916667 -0.158202
1932.000000 0.174412
1932.083333 0.349545
1932.166667 0.468806
1932.250000 0.574797
1932.333333 0.921947
1932.416667 1.386620
1932.500000 1.764990
1932.583333 1.542119
1932.666667 0.802204
1932.750000 -0.029524
1932.833333 -0.534541
1932.916667 -0.810934
1933.000000 -1.026146
1933.083333 -0.972461
1933.166667 -0.817707
1933.250000 -0.547192
1933.333333 -0.068177
1933.416667 0.180280
1933.500000 -0.391001
1933.583333 -0.849696
1933.666667 -0.888121
1933.750000 -0.858065
1933.833333 -1.143563
1933.916667 -1.698785
1934.000000 -1.764634
1934.083333 -1.260252
1934.166667 -1.053353
1934.250000 -0.654552
1934.333333 -0.148234
1934.416667 -0.467834
1934.500000 -1.056453
1934.583333 -1.209349
1934.666667 -1.147205
1934.750000 -1.311239
1934.833333 -1.152426
1934.916667 -0.578312
1935.000000 -0.306516
1935.083333 -0.708928
1935.166667 -0.889623
1935.250000 -0.738151
1935.333333 -0.769962
1935.416667 -0.904918
1935.500000 -0.651745
1935.583333 0.113067
1935.666667 0.579999
1935.750000 0.107988
1935.833333 -1.258265
1935.916667 -2.082336
1936.000000 -1.658874
1936.083333 -0.996823
1936.166667 -0.334725
1936.250000 0.330357
1936.333333 0.709099
1936.416667 0.690907
1936.500000 1.157989
1936.583333 2.249018
1936.666667 2.952151
1936.750000 2.749782
1936.833333 0.921567
1936.916667 -1.284260
1937.000000 -2.150077
1937.083333 -1.231285
1937.166667 -0.332860
1937.250000 0.141061
1937.333333 0.376560
1937.416667 0.394690
1937.500000 0.065242
1937.583333 -0.357804
1937.666667 -0.203394
1937.750000 -0.020466
1937.833333 0.255319
1937.916667 1.058531
1938.000000 1.826738
1938.083333 1.902461
1938.166667 1.645774
1938.250000 1.262541
1938.333333 0.704821
1938.416667 -0.264087
1938.500000 -0.886807
1938.583333 -0.195339
1938.666667 0.491417
1938.750000 0.226969
1938.833333 -0.624384
1938.916667 -1.335900
1939.000000 -1.485261
1939.083333 -1.102396
1939.166667 -0.634515
1939.250000 -0.264621
1939.333333 -0.142068
1939.416667 0.022210
1939.500000 0.533624
1939.583333 1.115218
1939.666667 0.739237
1939.750000 -0.014551
1939.833333 -0.031149
1939.916667 0.490265
1940.000000 0.957842
1940.083333 0.876847
1940.166667 0.223050
1940.250000 -0.396406
1940.333333 -0.191506
1940.416667 0.177746
1940.500000 0.301607
1940.583333 0.259644
1940.666667 0.290929
1940.750000 0.048531
1940.833333 -0.050945
1940.916667 0.147058
1941.000000 0.568509
1941.083333 1.202008
1941.166667 1.673415
1941.250000 1.682181
1941.333333 1.061592
1941.416667 0.268367
1941.500000 -0.281136
1941.583333 0.002297
1941.666667 0.511392
1941.750000 0.906348
1941.833333 0.824411
1941.916667 0.530585
1942.000000 -0.031530
1942.083333 -0.688352
1942.166667 -1.385426
1942.250000 -1.398093
1942.333333 -0.299607
1942.416667 0.679817
1942.500000 0.343114
1942.583333 -0.397879
1942.666667 -0.584716
1942.750000 -0.565563
1942.833333 -0.503507
1942.916667 -0.329960
1943.000000 -0.156609
1943.083333 0.126721
1943.166667 0.946241
1943.250000 1.899542
1943.333333 2.171441
1943.416667 2.054271
1943.500000 1.379091
1943.583333 0.302447
1943.666667 -0.167810
1943.750000 -0.345687
1943.833333 -0.159824
1943.916667 -0.220403
1944.000000 -0.629915
1944.083333 -0.648219
1944.166667 -0.430338
1944.250000 -0.502209
1944.333333 -0.918896
1944.416667 -1.032974
1944.500000 -0.591033
1944.583333 -0.377309
1944.666667 -1.112864
1944.750000 -1.819721
1944.833333 -1.813480
1944.916667 -1.568587
1945.000000 -1.306112
1945.083333 -0.928220
1945.166667 -0.120169
1945.250000 0.692623
1945.333333 0.954747
1945.416667 0.954060
1945.500000 1.440872
1945.583333 1.730452
1945.666667 1.501217
1945.750000 0.823020
1945.833333 0.000141
1945.916667 -0.532001
1946.000000 -0.308302
1946.083333 0.086930
1946.166667 0.376839
1946.250000 0.716959
1946.333333 1.193210
1946.416667 1.243575
1946.500000 0.573495
1946.583333 -0.159898
1946.666667 -0.124330
1946.750000 0.411322
1946.833333 1.163258
1946.916667 1.666997
1947.000000 1.550706
1947.083333 0.834962
1947.166667 0.154063
1947.250000 -0.017465
1947.333333 0.290318
1947.416667 0.991814
1947.500000 1.472239
1947.583333 1.356661
1947.666667 0.486713
1947.750000 -0.882971
1947.833333 -1.367302
1947.916667 -0.988402
1948.000000 -0.067245
1948.083333 0.396030
1948.166667 0.315974
1948.250000 0.172542
1948.333333 0.707221
1948.416667 1.294207
1948.500000 1.090436
1948.583333 0.731052
1948.666667 0.545858
1948.750000 0.798086
1948.833333 0.766727
1948.916667 0.139163
1949.000000 -0.712265
1949.083333 -1.103503
1949.166667 -1.192383
1949.250000 -1.243238
1949.333333 -1.055109
1949.416667 -1.033242
1949.500000 -0.731550
1949.583333 -0.266638
1949.666667 -0.221884
1949.750000 -0.846761
1949.833333 -1.407694
1949.916667 -1.540121
1950.000000 -1.569026
1950.083333 -1.392474
1950.166667 -0.851415
1950.250000 0.019755
1950.333333 0.407002
1950.416667 1.217971
1950.500000 2.094480
1950.583333 2.311255
1950.666667 1.941197
1950.750000 1.346801
1950.833333 0.885802
1950.916667 0.309447
1951.000000 -0.275189
1951.083333 -0.518970
1951.166667 -0.295159
1951.250000 -0.026593
1951.333333 -0.026079
1951.416667 0.030934
1951.500000 0.257819
1951.583333 0.530249
1951.666667 1.088112
1951.750000 1.527579
1951.833333 0.719741
1951.916667 -0.370023
1952.000000 -1.047566
1952.083333 -1.327869
1952.166667 -1.409256
1952.250000 -1.303214
1952.333333 -0.990741
1952.416667 -0.438179
1952.500000 0.234384
1952.583333 0.592336
1952.666667 0.926968
1952.750000 0.526615
1952.833333 -0.171690
1952.916667 -1.187966
1953.000000 -1.809096
1953.083333 -2.066819
1953.166667 -1.291425
1953.250000 -0.441788
1953.333333 -0.412738
1953.416667 -0.870615
1953.500000 -0.758117
1953.583333 -0.075041
1953.666667 0.358061
1953.750000 0.325645
1953.833333 -0.021630
1953.916667 -1.031882
1954.000000 -1.614499
1954.083333 -1.508207
1954.166667 -1.123745
1954.250000 -0.771403
1954.333333 -0.431100
1954.416667 -0.703880
1954.500000 -1.072922
1954.583333 -0.861019
1954.666667 -0.572319
1954.750000 -0.957321
1954.833333 -1.251434
1954.916667 -1.236219
1955.000000 -0.884732
1955.083333 -0.335002
1955.166667 0.457867
1955.250000 1.461784
1955.333333 2.041419
1955.416667 1.977169
1955.500000 0.854730
1955.583333 -0.083287
1955.666667 0.010908
1955.750000 0.381457
1955.833333 -0.166089
1955.916667 -1.165737
1956.000000 -1.519854
1956.083333 -1.304257
1956.166667 -1.017527
1956.250000 -0.747371
1956.333333 -0.880902
1956.416667 -0.724868
1956.500000 0.183856
1956.583333 1.365630
1956.666667 1.958890
1956.750000 2.001982
1956.833333 1.693439
1956.916667 0.706192
1957.000000 -0.344630
1957.083333 -0.797176
1957.166667 -0.209195
1957.250000 0.351826
1957.333333 0.080857
1957.416667 -0.390080
1957.500000 -0.770580
1957.583333 -1.040788
1957.666667 -0.769467
1957.750000 -0.342359
1957.833333 -0.139899
1957.916667 -0.331298
1958.000000 -0.688455
1958.083333 -0.367740
1958.166667 0.116724
1958.250000 0.502250
1958.333333 0.265770
1958.416667 -0.220929
1958.500000 -0.332351
1958.583333 0.508633
1958.666667 1.241439
1958.750000 1.443474
1958.833333 1.170890
1958.916667 1.140325
1959.000000 0.883582
1959.083333 0.188944
1959.166667 0.186718
1959.250000 0.888318
1959.333333 1.039884
1959.416667 0.572443
1959.500000 0.230357
1959.583333 0.322290
1959.666667 0.217365
1959.750000 0.064317
1959.833333 0.273478
1959.916667 0.374151
1960.000000 0.285216
1960.083333 0.399435
1960.166667 0.789203
1960.250000 0.422481
1960.333333 -0.402083
1960.416667 -1.062799
1960.500000 -1.220268
1960.583333 -1.059776
1960.666667 -0.786663
1960.750000 -0.189208
1960.833333 0.039869
1960.916667 0.204507
1961.000000 0.670562
1961.083333 0.989143
1961.166667 0.564481
1961.250000 -0.512748
1961.333333 -1.060158
1961.416667 -1.079963
1961.500000 -0.993430
1961.583333 -0.671969
1961.666667 -0.198040
1961.750000 0.252917
1961.833333 0.609142
1961.916667 0.903142
1962.000000 1.209383
1962.083333 1.090878
1962.166667 0.651520
1962.250000 0.608072
1962.333333 1.457230
1962.416667 1.723816
1962.500000 0.565568
1962.583333 -0.452305
1962.666667 -0.765155
1962.750000 -0.275869
1962.833333 -0.222385
1962.916667 -0.613438
1963.000000 -1.057037
1963.083333 -0.969112
1963.166667 -0.453165
1963.250000 -0.078381
1963.333333 0.040066
1963.416667 -0.056082
1963.500000 0.099652
1963.583333 0.472501
1963.666667 0.567078
1963.750000 0.630918
1963.833333 1.433329
1963.916667 1.780873
1964.000000 1.548658
1964.083333 1.024763
1964.166667 1.223242
1964.250000 1.623446
1964.333333 1.591478
1964.416667 0.924507
1964.500000 0.026303
1964.583333 -0.666463
1964.666667 -0.814874
1964.750000 -0.484296
1964.833333 0.306700
1964.916667 1.225055
1965.000000 0.940365
1965.083333 -0.283058
1965.166667 -0.813582
1965.250000 0.008685
1965.333333 1.050638
1965.416667 1.264333
1965.500000 0.579842
1965.583333 -0.001277
1965.666667 -0.473201
1965.750000 -0.706464
1965.833333 -0.661274
1965.916667 -0.234222
1966.000000 -0.100663
1966.083333 -0.356850
1966.166667 -0.598538
1966.250000 -0.432195
1966.333333 -0.144516
1966.416667 -0.182896
1966.500000 -0.416186
1966.583333 -0.798257
1966.666667 -1.309374
1966.750000 -1.510381
1966.833333 -1.162198
1966.916667 -0.365776
1967.000000 0.752008
1967.083333 1.453787
1967.166667 0.770694
1967.250000 -0.513408
1967.333333 -0.867423
1967.416667 0.203479
1967.500000 1.725946
1967.583333 2.024929
1967.666667 1.574550
1967.750000 0.859802
1967.833333 0.856666
1967.916667 1.176635
1968.000000 0.864828
1968.083333 0.050450
1968.166667 -0.748176
1968.250000 -1.256797
1968.333333 -1.473913
1968.416667 -1.332761
1968.500000 -0.513077
1968.583333 0.295709
1968.666667 -0.185358
1968.750000 -0.842805
1968.833333 -0.726717
1968.916667 -0.288535
1969.000000 -0.504802
1969.083333 -0.769758
1969.166667 -0.450997
1969.250000 -0.315706
1969.333333 -0.346073
1969.416667 0.179554
1969.500000 0.773216
1969.583333 0.645482
1969.666667 0.063767
1969.750000 -0.202914
1969.833333 0.298712
1969.916667 0.412612
1970.000000 0.316190
1970.083333 0.452391
1970.166667 1.078151
1970.250000 1.660681
1970.333333 1.776922
1970.416667 1.744671
1970.500000 1.275219
1970.583333 0.562356
1970.666667 -0.120953
1970.750000 -0.058134
1970.833333 0.351212
1970.916667 0.835528
1971.000000 1.194608
1971.083333 0.650200
1971.166667 -0.637020
1971.250000 -1.331246
1971.333333 -1.083306
1971.416667 -0.298973
1971.500000 -0.204815
1971.583333 -0.686812
1971.666667 -0.567834
1971.750000 0.343696
1971.833333 1.179616
1971.916667 1.420078
1972.000000 0.816950
1972.083333 -0.114844
1972.166667 -0.326419
1972.250000 0.693938
1972.333333 1.992761
1972.416667 2.227596
1972.500000 1.814094
1972.583333 0.932275
1972.666667 0.464712
1972.750000 0.417731
1972.833333 0.028872
1972.916667 -0.772931
1973.000000 -0.924063
1973.083333 -0.168624
1973.166667 0.158357
1973.250000 0.059302
1973.333333 0.355582
1973.416667 1.019520
1973.500000 1.627455
1973.583333 1.597080
1973.666667 0.599568
1973.750000 -0.257730
1973.833333 -0.659870
1973.916667 -0.735031
1974.000000 -0.319524
1974.083333 0.317940
1974.166667 0.710110
1974.250000 0.776944
1974.333333 0.539907
1974.416667 -0.037439
1974.500000 -0.046121
1974.583333 0.424446
1974.666667 0.524432
1974.750000 -0.090373
1974.833333 -0.782826
1974.916667 -0.844719
1975.000000 -0.169628
1975.083333 0.492509
1975.166667 0.952960
1975.250000 0.546731
1975.333333 -0.317081
1975.416667 -0.766552
1975.500000 -0.704593
1975.583333 -0.199676
1975.666667 0.406149
1975.750000 1.034621
1975.833333 1.348124
1975.916667 1.603860
1976.000000 0.897974
1976.083333 -0.080060
1976.166667 -0.747283
1976.250000 -0.499792
1976.333333 -0.112153
1976.416667 -0.203915
1976.500000 -0.587595
1976.583333 -0.002140
1976.666667 0.751143
1976.750000 0.523855
1976.833333 -0.059922
1976.916667 -0.068473
1977.000000 0.725933
1977.083333 1.839543
1977.166667 2.547205
1977.250000 2.395002
1977.333333 1.817815
1977.416667 1.120962
1977.500000 0.180739
1977.583333 -0.994096
1977.666667 -1.538280
1977.750000 -1.447029
1977.833333 -1.139792
1977.916667 -0.435755
1978.000000 0.656218
1978.083333 1.162448
1978.166667 0.375477
1978.250000 -0.850626
1978.333333 -1.550433
1978.416667 -1.401915
1978.500000 -0.578038
1978.583333 0.432076
1978.666667 0.575613
1978.750000 -0.104978
1978.833333 -0.545912
1978.916667 -0.480370
1979.000000 -0.843776
1979.083333 -1.058857
1979.166667 -1.087401
1979.250000 -1.035895
1979.333333 -0.921440
1979.416667 -0.755485
1979.500000 -0.490880
1979.583333 0.027634
1979.666667 0.371367
1979.750000 1.227266
1979.833333 2.042977
1979.916667 1.996120
1980.000000 0.952155
1980.083333 -0.117247
1980.166667 -0.531370
1980.250000 -0.024878
1980.333333 0.444519
1980.416667 0.379462
1980.500000 0.344590
1980.583333 1.359977
1980.666667 1.768997
1980.750000 0.603210
1980.833333 -0.627165
1980.916667 -0.429388
1981.000000 0.264168
1981.083333 0.269931
1981.166667 -0.071931
1981.250000 0.360486
1981.333333 0.674649
1981.416667 0.506425
1981.500000 0.423796
1981.583333 0.235763
1981.666667 -0.541437
1981.750000 -0.941798
1981.833333 -0.286699
1981.916667 1.107889
1982.000000 1.967854
1982.083333 1.751900
1982.166667 0.614788
1982.250000 -0.127695
1982.333333 -0.264458
1982.416667 -0.486172
1982.500000 -1.088968
1982.583333 -0.905655
1982.666667 0.092170
1982.750000 0.872526
1982.833333 0.555199
1982.916667 0.057318
1983.000000 0.214601
1983.083333 1.192695
1983.166667 1.924727
1983.250000 1.606629
1983.333333 0.613986
1983.416667 0.074583
1983.500000 0.323972
1983.583333 0.372756
1983.666667 -0.448384
1983.750000 -1.567478
1983.833333 -2.250565
1983.916667 -2.315750
1984.000000 -2.157607
1984.083333 -1.593486
1984.166667 -1.238972
1984.250000 -1.459481
1984.333333 -2.368159
1984.416667 -2.383371
1984.500000 -1.354650
1984.583333 0.045251
1984.666667 0.383407
1984.750000 -0.238255
1984.833333 -0.667120
1984.916667 -0.630517
1985.000000 -0.646611
1985.083333 -0.577970
1985.166667 -0.018212
1985.250000 -0.048539
1985.333333 -0.203520
1985.416667 0.012024
1985.500000 0.037281
1985.583333 -0.081440
1985.666667 -0.662794
1985.750000 -1.259312
1985.833333 -0.925717
1985.916667 0.787520
1986.000000 1.876713
1986.083333 1.330467
1986.166667 0.272132
1986.250000 -0.218960
1986.333333 -0.210987
1986.416667 0.440918
1986.500000 1.336305
1986.583333 1.384602
1986.666667 0.994353
1986.750000 0.597420
1986.833333 0.593980
1986.916667 0.965614
1987.000000 1.435242
1987.083333 1.144359
1987.166667 0.364640
1987.250000 -0.417755
1987.333333 -0.738685
1987.416667 -0.886185
1987.500000 -1.307529
1987.583333 -1.751443
1987.666667 -1.768194
1987.750000 -1.406202
1987.833333 -1.183029
1987.916667 -1.066553
1988.000000 -1.134025
1988.083333 -1.263424
1988.166667 -0.996379
1988.250000 -0.145998
1988.333333 0.751533
1988.416667 0.910943
1988.500000 0.056138
1988.583333 -1.051566
1988.666667 -1.355923
1988.750000 -1.135304
1988.833333 -1.245540
1988.916667 -1.191438
1989.000000 -0.824649
1989.083333 -0.353886
1989.166667 0.155977
1989.250000 0.117438
1989.333333 -0.453295
1989.416667 -0.625509
1989.500000 -0.050356
1989.583333 0.153515
1989.666667 0.159924
1989.750000 0.304948
1989.833333 0.429792
1989.916667 0.313732
1990.000000 -0.167102
1990.083333 -0.260683
1990.166667 0.119950
1990.250000 -0.099815
1990.333333 -0.998134
1990.416667 -1.709678
1990.500000 -1.810403
1990.583333 -1.202495
1990.666667 -0.457015
1990.750000 0.293054
1990.833333 1.248569
1990.916667 1.302975
1991.000000 0.597199
1991.083333 -0.016172
1991.166667 -0.515826
1991.250000 -0.991144
1991.333333 -1.178961
1991.416667 -1.348314
1991.500000 -1.453567
1991.583333 -1.236832
1991.666667 -0.529357
1991.750000 0.032554
1991.833333 -0.245521
1991.916667 -1.240988
1992.000000 -1.605911
1992.083333 -0.973650
1992.166667 -0.215339
1992.250000 -0.005623
1992.333333 -0.265373
1992.416667 -0.474551
1992.500000 -0.637963
1992.583333 -0.466695
1992.666667 0.004293
1992.750000 0.569495
1992.833333 1.045972
1992.916667 1.438493
1993.000000 1.467340
1993.083333 1.605933
1993.166667 1.524187
1993.250000 0.751337
1993.333333 0.133477
1993.416667 0.190892
1993.500000 0.827720
1993.583333 1.232263
1993.666667 1.600332
1993.750000 1.533459
1993.833333 1.351075
1993.916667 1.837708
1994.000000 2.599276
1994.083333 2.796870
1994.166667 2.036593
1994.250000 1.290109
1994.333333 0.775287
1994.416667 0.393971
1994.500000 -0.001615
1994.583333 -0.692351
1994.666667 -1.582888
1994.750000 -2.202304
1994.833333 -2.073405
1994.916667 -1.598900
1995.000000 -1.359999
1995.083333 -1.546186
1995.166667 -2.230958
1995.250000 -2.358934
1995.333333 -1.646050
1995.416667 -0.827293
1995.500000 -0.393146
1995.583333 -0.378263
1995.666667 -0.452040
1995.750000 -0.605886
1995.833333 -0.782273
1995.916667 -0.404051
1996.000000 0.223655
1996.083333 0.289451
1996.166667 -0.285581
1996.250000 -0.992088
1996.333333 -1.257152
1996.416667 -1.174778
1996.500000 -0.999704
1996.583333 -0.886654
1996.666667 -1.090983
1996.750000 -1.516898
1996.833333 -1.094660
1996.916667 0.284457
1997.000000 1.011620
1997.083333 0.449821
1997.166667 -0.616638
1997.250000 -1.037601
1997.333333 -0.206017
1997.416667 1.196330
1997.500000 1.794854
1997.583333 1.130979
1997.666667 -0.076925
1997.750000 -0.933817
1997.833333 -1.092998
1997.916667 -0.717916
1998.000000 0.166288
1998.083333 0.600077
1998.166667 0.455379
1998.250000 -0.013009
1998.333333 -0.970729
1998.416667 -1.619267
1998.500000 -2.035986
1998.583333 -1.466047
1998.666667 -0.784479
1998.750000 -0.110558
1998.833333 0.235536
1998.916667 0.475287
1999.000000 0.147671
1999.083333 -0.725920
1999.166667 -1.116912
1999.250000 -0.657193
1999.333333 0.356415
1999.416667 1.267333
1999.500000 1.605446
1999.583333 1.680279
1999.666667 1.625094
1999.750000 1.481160
1999.833333 0.658535
1999.916667 0.149232
2000.000000 0.480632
2000.083333 0.757584
2000.166667 0.353147
2000.250000 -0.123534
2000.333333 -0.002906
2000.416667 0.999935
2000.500000 1.944538
2000.583333 1.771032
2000.666667 1.286046
2000.750000 1.662031
2000.833333 1.929076
2000.916667 1.436381
2001.000000 0.969434
2001.083333 0.997247
2001.166667 0.366238
2001.250000 -0.892984
2001.333333 -1.772520
2001.416667 -2.054864
2001.500000 -1.254825
2001.583333 -0.593659
2001.666667 -0.717086
2001.750000 -0.732623
2001.833333 -0.119175
2001.916667 0.136609
2002.000000 -0.665322
2002.083333 -1.176471
2002.166667 -1.090158
2002.250000 -1.096825
2002.333333 -1.160541
2002.416667 -0.882086
2002.500000 -0.027513
2002.583333 0.988529
2002.666667 2.009120
2002.750000 2.282806
2002.833333 2.015234
2002.916667 0.966765
2003.000000 0.020799
2003.083333 -0.281852
2003.166667 0.060093
2003.250000 0.208196
2003.333333 -0.004707
2003.416667 -0.165068
2003.500000 -0.209713
2003.583333 -0.644540
2003.666667 -0.885022
2003.750000 -0.530523
2003.833333 -0.076655
2003.916667 0.057847
2004.000000 -0.126656
2004.083333 -0.006495
2004.166667 -0.010180
2004.250000 -0.754208
2004.333333 -1.987603
2004.416667 -2.076220
2004.500000 -0.885526
2004.583333 0.387673
2004.666667 0.644224
2004.750000 0.515221
2004.833333 0.445855
2004.916667 0.961438
2005.000000 1.169737
2005.083333 0.705477
2005.166667 0.634094
2005.250000 1.178998
2005.333333 1.802323
2005.416667 1.763778
2005.500000 0.955914
2005.583333 0.235295
2005.666667 -0.121018
2005.750000 0.062276
2005.833333 0.941501
2005.916667 1.449505
2006.000000 0.683794
2006.083333 -0.177163
2006.166667 -0.895767
2006.250000 -0.791627
2006.333333 -0.092214
2006.416667 0.364071
2006.500000 0.286044
2006.583333 -0.205418
2006.666667 -0.143717
2006.750000 0.917484
2006.833333 1.181181
2006.916667 0.095077
2007.000000 -1.268905
2007.083333 -1.951743
2007.166667 -1.581157
2007.250000 -0.822000
2007.333333 -0.213475
2007.416667 -0.567371
2007.500000 -1.130421
2007.583333 -1.467547
2007.666667 -1.241955
2007.750000 -0.557040
2007.833333 -0.322032
2007.916667 -1.180375
2008.000000 -2.059511
2008.083333 -2.126803
2008.166667 -1.383831
2008.250000 -0.726082
2008.333333 0.091352
2008.416667 0.827283
2008.500000 0.600901
2008.583333 0.120722
2008.666667 0.009718
2008.750000 0.317080
2008.833333 0.473167
2008.916667 0.396667
2009.000000 0.279482
2009.083333 0.538048
2009.166667 1.352949
2009.250000 2.128315
2009.333333 2.483788
2009.416667 2.114400
2009.500000 2.078328
2009.583333 1.955208
2009.666667 1.766074
2009.750000 1.571744
2009.833333 0.620712
2009.916667 0.345289
2010.000000 1.016858
2010.083333 1.528084
2010.166667 0.838598
2010.250000 0.320959
2010.333333 0.313440
2010.416667 0.499661
2010.500000 0.840216
2010.583333 0.996627
2010.666667 0.874305
2010.750000 0.126285
2010.833333 -0.729064
2010.916667 -0.886346
2011.000000 -1.004160
2011.083333 -1.325995
2011.166667 -1.323414
2011.250000 -0.647538
2011.333333 -0.068878
2011.416667 -0.501269
2011.500000 -1.134648
2011.583333 -1.431506
2011.666667 -1.363752
2011.750000 -1.241429
2011.833333 -0.916725
2011.916667 -0.570008
2012.000000 -0.926595
2012.083333 -1.762669
2012.166667 -2.369952
2012.250000 -2.496971
2012.333333 -2.346501
2012.416667 -1.334947
2012.500000 -0.392211
2012.583333 -0.063492
2012.666667 -0.623928
2012.750000 -1.089654
2012.833333 -1.306739
2012.916667 -1.556530
2013.000000 -1.463932
2013.083333 -1.067777
2013.166667 -0.440975
2013.250000 0.867417
2013.333333 1.843875
2013.416667 1.709258
2013.500000 0.597996
2013.583333 -0.213753
2013.666667 -0.163135
2013.750000 -0.120654
2013.833333 -0.060090
2013.916667 0.180103
2014.000000 -0.007483
2014.083333 -0.825111
2014.166667 -1.212455
2014.250000 -0.639810
2014.333333 0.363543
2014.416667 1.269643
2014.500000 1.987164
2014.583333 2.272512
2014.666667 2.297186
2014.750000 1.960020
2014.833333 1.147540
2014.916667 0.547769
2015.000000 0.346209
2015.083333 0.417467
2015.166667 0.043543
2015.250000 -0.930345
2015.333333 -1.589423
2015.416667 -1.160266
2015.500000 -0.203631
2015.583333 0.332463
2015.666667 0.254510
2015.750000 0.122221
2015.833333 0.466178
2015.916667 1.087256
2016.000000 0.992481
2016.083333 -0.566406
2016.166667 -1.868248
2016.250000 -1.879470
2016.333333 -0.868177
2016.416667 0.372534
2016.500000 0.983660
2016.583333 1.464288
2016.666667 1.887912
2016.750000 2.185761
2016.833333 2.729943
2016.916667 2.709561
2017.000000 1.921053
2017.083333 0.995022
2017.166667 0.642354
2017.250000 0.306034
2017.333333 0.271037
2017.416667 0.869541
2017.500000 1.167075
2017.583333 0.768532
2017.666667 0.322559
2017.750000 0.375960
2017.833333 0.576564
2017.916667 0.615087
2018.000000 0.576786
2018.083333 0.392666
2018.166667 -0.072649
2018.250000 -0.749636
2018.333333 -1.317891
2018.416667 -1.624228
2018.500000 -2.096448
2018.583333 -2.179189
2018.666667 -1.335127
2018.750000 -0.510997
2018.833333 -0.413868
2018.916667 -0.848111
2019.000000 -1.002922
2019.083333 -0.898533
2019.166667 -0.980923
2019.250000 -1.121088
2019.333333 -1.127571
2019.416667 -0.720855
2019.500000 0.254301
2019.583333 0.880038
2019.666667 0.571127
2019.750000 0.164914
2019.833333 0.438391
2019.916667 0.698782
2020.000000 0.264687
2020.083333 -0.783323
2020.166667 -1.694575
2020.250000 -2.048922
2020.333333 -0.936512
2020.416667 0.361444
2020.500000 1.529515
2020.583333 1.851442
2020.666667 1.256757
2020.750000 0.385193
2020.833333 -0.324818
2020.916667 -0.708402
2021.000000 -0.769204
2021.083333 -0.138348
2021.166667 0.792417
2021.250000 1.300919
2021.333333 1.193637
2021.416667 0.368779
2021.500000 -0.845521
2021.583333 -1.610806
2021.666667 -1.472434
2021.750000 -0.865275
2021.833333 -0.287182
2021.916667 0.018203
2022.000000 -0.262845
2022.083333 -0.829299
2022.166667 -0.933208
2022.250000 -0.583990
2022.333333 -0.488677
2022.416667 -0.359995
2022.500000 0.034878
2022.583333 -0.221435
2022.666667 -0.839069
2022.750000 -0.679066
2022.833333 0.055051
2022.916667 0.006946
2023.000000 -0.576489
2023.083333 -0.744100
2023.166667 -0.017211
2023.250000 0.621401
2023.333333 0.455976
2023.416667 -0.141056
2023.500000 -0.524596
2023.583333 -0.454030
2023.666667 -0.808440
2023.750000 -1.572532
2023.833333 -2.022022
2023.916667 -1.438125
2024.000000 -1.170223
2024.083333 -1.125727
2024.166667 -1.040033
2024.250000 -0.600012
2024.333333 0.314967
2024.416667 0.885189
2024.500000 0.434212
2024.583333 -0.395091
2024.666667 -1.247054
2024.750000 -1.487216
2024.833333 -1.576437
2024.916667 -1.583438
2025.000000 -1.563879
2025.083333 -1.469719
2025.166667 -1.358359
2025.250000 -1.800584
2025.333333 -2.307197
2025.416667 -1.534676
2025.500000 -0.109584
2025.583333 0.825044
2025.666667 0.829933
2025.750000 0.378093
2025.833333 0.212982
2025.916667 0.871401
