1880.000000 0.178843
1880.083333 -2.451417
1880.166667 -0.914677
1880.250000 0.270314
1880.333333 0.445990
1880.416667 0.594562
1880.500000 1.936715
1880.583333 0.883190
1880.666667 -0.526129
1880.750000 -0.412167
1880.833333 -0.206661
1880.916667 -0.843900
1881.000000 -1.117861
1881.083333 0.303422
1881.166667 0.834782
1881.250000 -0.147165
1881.333333 0.018049
1881.416667 -1.167124
1881.500000 -0.475702
1881.583333 -0.205442
1881.666667 0.154860
1881.750000 0.360699
1881.833333 0.596159
1881.916667 1.523029
1882.000000 1.758097
1882.083333 1.188503
1882.166667 -1.240871
1882.250000 -1.032074
1882.333333 -0.262111
1882.416667 0.844883
1882.500000 -0.449946
1882.583333 -0.707832
1882.666667 -0.705180
1882.750000 -1.014459
1882.833333 -0.178542
1882.916667 1.599613
1883.000000 0.661711
1883.083333 -0.369044
1883.166667 -1.064437
1883.250000 -0.586541
1883.333333 -1.273734
1883.416667 -0.504782
1883.500000 0.227225
1883.583333 1.727901
1883.666667 1.228588
1883.750000 -0.046968
1883.833333 -1.465794
1883.916667 -1.066089
1884.000000 1.537160
1884.083333 1.927540
1884.166667 -0.684011
1884.250000 -1.039250
1884.333333 -0.714077
1884.416667 0.561934
1884.500000 0.290021
1884.583333 -0.109419
1884.666667 0.375071
1884.750000 1.436248
1884.833333 -0.099228
1884.916667 -1.034960
1885.000000 -0.891413
1885.083333 0.744991
1885.166667 0.040420
1885.250000 -0.794261
1885.333333 0.229869
1885.416667 1.049944
1885.500000 1.001451
1885.583333 -1.108382
1885.666667 -1.354436
1885.750000 -1.083032
1885.833333 -0.028884
1885.916667 1.265420
1886.000000 1.384250
1886.083333 -0.389299
1886.166667 -0.636242
1886.250000 0.636623
1886.333333 -0.145835
1886.416667 -0.436034
1886.500000 0.003537
1886.583333 0.456830
1886.666667 -0.803028
1886.750000 -2.142921
1886.833333 0.188638
1886.916667 2.163274
1887.000000 1.675848
1887.083333 0.156799
1887.166667 -1.285016
1887.250000 -0.933836
1887.333333 -0.990348
1887.416667 -0.106205
1887.500000 1.171084
1887.583333 0.824650
1887.666667 -0.389650
1887.750000 -0.437059
1887.833333 0.541999
1887.916667 1.353677
1888.000000 -0.578943
1888.083333 -1.206579
1888.166667 -1.256353
1888.250000 0.337179
1888.333333 1.809271
1888.416667 0.874810
1888.500000 -1.059987
1888.583333 0.083441
1888.666667 0.067442
1888.750000 -0.595488
1888.833333 0.148980
1888.916667 -0.641520
1889.000000 -0.492217
1889.083333 -0.883188
1889.166667 0.941217
1889.250000 1.996148
1889.333333 1.223243
1889.416667 -0.218996
1889.500000 -0.425338
1889.583333 -1.743270
1889.666667 -0.735568
1889.750000 0.435238
1889.833333 1.677819
1889.916667 -0.182813
1890.000000 -2.169121
1890.083333 -1.273668
1890.166667 1.882901
1890.250000 0.613751
1890.333333 0.254700
1890.416667 -0.072291
1890.500000 -0.276901
1890.583333 -0.015702
1890.666667 0.193287
1890.750000 -0.826138
1890.833333 -1.015591
1890.916667 1.991506
1891.000000 1.676612
1891.083333 -0.120280
1891.166667 -1.327679
1891.250000 -1.490414
1891.333333 0.010653
1891.416667 -0.049880
1891.500000 -0.074203
1891.583333 -0.786022
1891.666667 0.422917
1891.750000 2.005388
1891.833333 0.482901
1891.916667 -0.993592
1892.000000 -1.211608
1892.083333 0.260997
1892.166667 1.181249
1892.250000 -0.146199
1892.333333 -1.408318
1892.416667 -0.446618
1892.500000 0.829030
1892.583333 0.862012
1892.666667 0.574239
1892.750000 -0.169154
1892.833333 -1.626899
1892.916667 -0.639682
1893.000000 1.866079
1893.083333 1.587286
1893.166667 0.310531
1893.250000 1.996008
1893.333333 0.169342
1893.416667 -2.369306
1893.500000 -2.914315
1893.583333 -1.227896
1893.666667 0.552766
1893.750000 1.479351
1893.833333 0.291466
1893.916667 0.447175
1894.000000 -1.042801
1894.083333 0.137465
1894.166667 0.670042
1894.250000 0.440983
1894.333333 -0.234301
1894.416667 -0.090450
1894.500000 -1.092150
1894.583333 -1.394354
1894.666667 0.276760
1894.750000 1.415448
1894.833333 1.804370
1894.916667 0.249616
1895.000000 0.183413
1895.083333 0.950951
1895.166667 -0.734105
1895.250000 -2.343195
1895.333333 -1.577246
1895.416667 0.977628
1895.500000 0.897403
1895.583333 -0.062959
1895.666667 -0.548146
1895.750000 0.746712
1895.833333 2.034823
1895.916667 0.402861
1896.000000 -1.563374
1896.083333 -0.886209
1896.166667 1.775234
1896.250000 0.267572
1896.333333 -1.543165
1896.416667 -1.591505
1896.500000 -0.019489
1896.583333 1.134887
1896.666667 0.343537
1896.750000 -0.387147
1896.833333 -0.068678
1896.916667 0.298087
1897.000000 0.136347
1897.083333 -0.213062
1897.166667 0.517197
1897.250000 0.090242
1897.333333 -0.136522
1897.416667 -1.688649
1897.500000 -0.078424
1897.583333 0.254934
1897.666667 0.344756
1897.750000 0.057038
1897.833333 -0.005783
1897.916667 0.179859
1898.000000 0.598657
1898.083333 -0.018958
1898.166667 -0.880220
1898.250000 0.082003
1898.333333 -0.882186
1898.416667 -0.644982
1898.500000 0.710908
1898.583333 1.840505
1898.666667 1.435373
1898.750000 -0.123706
1898.833333 -0.165444
1898.916667 -0.452326
1899.000000 -1.510119
1899.083333 -0.660124
1899.166667 1.065683
1899.250000 0.293061
1899.333333 -1.053989
1899.416667 0.305168
1899.500000 1.304901
1899.583333 0.936354
1899.666667 -0.315065
1899.750000 -0.209765
1899.833333 -0.753750
1899.916667 -0.341769
1900.000000 -0.902969
1900.083333 0.394268
1900.166667 1.013290
1900.250000 -0.756519
1900.333333 -0.428729
1900.416667 0.563841
1900.500000 1.093059
1900.583333 0.093833
1900.666667 -0.190310
1900.750000 -0.064970
1900.833333 -0.138080
1900.916667 -0.197034
1901.000000 0.482023
1901.083333 -0.502156
1901.166667 0.032677
1901.250000 -1.349572
1901.333333 -1.098532
1901.416667 -0.161414
1901.500000 1.281383
1901.583333 2.037427
1901.666667 -0.217569
1901.750000 -2.639446
1901.833333 -1.308097
1901.916667 2.122046
1902.000000 1.917122
1902.083333 -0.532020
1902.166667 -1.463807
1902.250000 0.593189
1902.333333 -0.770437
1902.416667 0.113988
1902.500000 0.557243
1902.583333 1.192590
1902.666667 -0.134181
1902.750000 -0.708121
1902.833333 0.258450
1902.916667 0.093666
1903.000000 -0.886824
1903.083333 -0.482920
1903.166667 0.343244
1903.250000 -0.185867
1903.333333 -0.061554
1903.416667 0.534499
1903.500000 0.313244
1903.583333 -0.454553
1903.666667 1.158465
1903.750000 0.989720
1903.833333 -0.702239
1903.916667 -2.518396
1904.000000 -0.851061
1904.083333 1.020971
1904.166667 1.085229
1904.250000 0.460498
1904.333333 -0.162295
1904.416667 -0.322841
1904.500000 -0.215838
1904.583333 0.593719
1904.666667 0.575074
1904.750000 0.829046
1904.833333 0.434600
1904.916667 -1.134134
1905.000000 -0.779108
1905.083333 -0.785196
1905.166667 -0.419783
1905.250000 0.503955
1905.333333 1.653888
1905.416667 0.646609
1905.500000 -1.139434
1905.583333 -1.511726
1905.666667 0.457344
1905.750000 1.600726
1905.833333 -0.042751
1905.916667 -0.814117
1906.000000 0.351219
1906.083333 0.867644
1906.166667 -0.205139
1906.250000 -1.696407
1906.333333 0.254011
1906.416667 1.894784
1906.500000 -0.692659
1906.583333 -2.040103
1906.666667 -0.514277
1906.750000 1.788267
1906.833333 1.591382
1906.916667 -1.069224
1907.000000 -1.379556
1907.083333 -1.507419
1907.166667 1.168995
1907.250000 2.136715
1907.333333 2.129902
1907.416667 -0.881217
1907.500000 -1.332755
1907.583333 -1.238294
1907.666667 -1.816459
1907.750000 -0.955955
1907.833333 1.169138
1907.916667 1.909830
1908.000000 0.825674
1908.083333 -0.314473
1908.166667 0.523790
1908.250000 -0.331014
1908.333333 -1.396526
1908.416667 -0.458318
1908.500000 0.656069
1908.583333 0.499433
1908.666667 0.289542
1908.750000 -0.307042
1908.833333 0.580317
1908.916667 0.751361
1909.000000 -0.030052
1909.083333 -2.230491
1909.166667 -2.064455
1909.250000 1.139779
1909.333333 1.926865
1909.416667 -0.069336
1909.500000 -0.509802
1909.583333 0.237134
1909.666667 0.829870
1909.750000 0.143249
1909.833333 -0.975422
1909.916667 -0.810560
1910.000000 0.552335
1910.083333 1.957070
1910.166667 -0.283044
1910.250000 -1.301110
1910.333333 -0.668573
1910.416667 1.162825
1910.500000 1.169656
1910.583333 0.020900
1910.666667 -1.610117
1910.750000 -1.411506
1910.833333 0.621422
1910.916667 2.411026
1911.000000 1.818884
1911.083333 -2.193725
1911.166667 -1.606755
1911.250000 -0.644700
1911.333333 0.168027
1911.416667 0.525311
1911.500000 0.571559
1911.583333 -0.448933
1911.666667 -1.695306
1911.750000 -0.895573
1911.833333 1.755388
1911.916667 2.309894
1912.000000 -0.226957
1912.083333 -0.939552
1912.166667 -0.940703
1912.250000 0.442851
1912.333333 0.466957
1912.416667 1.578358
1912.500000 -0.157758
1912.583333 -0.960205
1912.666667 -1.468446
1912.750000 -0.312254
1912.833333 0.376660
1912.916667 0.364342
1913.000000 1.682953
1913.083333 0.405610
1913.166667 -1.286216
1913.250000 -0.868137
1913.333333 0.607851
1913.416667 -0.428611
1913.500000 -0.370299
1913.583333 0.144863
1913.666667 0.968973
1913.750000 1.621781
1913.833333 0.211762
1913.916667 -1.271103
1914.000000 -2.072007
1914.083333 -0.217092
1914.166667 0.567664
1914.250000 0.163612
1914.333333 -0.717783
1914.416667 -0.180428
1914.500000 2.277460
1914.583333 1.240231
1914.666667 -1.048484
1914.750000 -1.177823
1914.833333 0.320629
1914.916667 1.083666
1915.000000 -1.305087
1915.083333 -1.810918
1915.166667 -1.108967
1915.250000 0.929580
1915.333333 2.027203
1915.416667 0.881594
1915.500000 -1.419798
1915.583333 -0.998698
1915.666667 1.263843
1915.750000 1.522498
1915.833333 0.689612
1915.916667 0.139532
1916.000000 -0.410374
1916.083333 -0.824656
1916.166667 -1.505645
1916.250000 -1.234660
1916.333333 -0.077626
1916.416667 0.856233
1916.500000 1.171068
1916.583333 1.230657
1916.666667 1.014621
1916.750000 -0.585177
1916.833333 -0.173073
1916.916667 0.257664
1917.000000 -0.186419
1917.083333 -0.003056
1917.166667 -0.692289
1917.250000 -0.743196
1917.333333 0.346933
1917.416667 -0.866455
1917.500000 -1.301066
1917.583333 0.551859
1917.666667 2.269132
1917.750000 0.562794
1917.833333 -1.132077
1917.916667 -0.767506
1918.000000 0.213229
1918.083333 0.171890
1918.166667 0.687362
1918.250000 0.577359
1918.333333 -0.912651
1918.416667 -1.324269
1918.500000 -0.323871
1918.583333 0.301074
1918.666667 0.038268
1918.750000 0.723483
1918.833333 -1.086095
1918.916667 -1.796319
1919.000000 -0.388639
1919.083333 2.816982
1919.166667 0.922839
1919.250000 0.776052
1919.333333 -0.335270
1919.416667 -0.692323
1919.500000 -0.255468
1919.583333 0.301522
1919.666667 0.372504
1919.750000 0.995855
1919.833333 1.088653
1919.916667 -1.564361
1920.000000 -1.637027
1920.083333 -0.567673
1920.166667 0.227344
1920.250000 -0.143100
1920.333333 0.546139
1920.416667 0.803904
1920.500000 1.463348
1920.583333 0.832306
1920.666667 0.368784
1920.750000 -1.180164
1920.833333 -2.223219
1920.916667 -1.171435
1921.000000 0.361151
1921.083333 0.352393
1921.166667 -0.450701
1921.250000 -0.049741
1921.333333 0.170320
1921.416667 -0.619160
1921.500000 -0.780461
1921.583333 0.593508
1921.666667 1.333374
1921.750000 0.305596
1921.833333 -0.769644
1921.916667 0.080347
1922.000000 1.787952
1922.083333 2.244574
1922.166667 -0.222136
1922.250000 -1.395461
1922.333333 -1.122564
1922.416667 0.994814
1922.500000 -1.299753
1922.583333 -0.001804
1922.666667 1.223182
1922.750000 1.429776
1922.833333 -1.328592
1922.916667 -1.605482
1923.000000 -0.219521
1923.083333 0.794805
1923.166667 0.565416
1923.250000 -0.410617
1923.333333 0.494509
1923.416667 0.357832
1923.500000 -1.235536
1923.583333 -0.531461
1923.666667 0.948754
1923.750000 0.349091
1923.833333 -1.047908
1923.916667 -0.708583
1924.000000 0.520870
1924.083333 1.835304
1924.166667 0.858748
1924.250000 -1.425079
1924.333333 -0.449934
1924.416667 0.079537
1924.500000 -0.331849
1924.583333 -0.820516
1924.666667 -0.233940
1924.750000 1.156833
1924.833333 0.284174
1924.916667 -1.053156
1925.000000 -0.590937
1925.083333 0.527079
1925.166667 0.667365
1925.250000 -1.255874
1925.333333 -0.885979
1925.416667 1.360990
1925.500000 2.495570
1925.583333 0.811920
1925.666667 -1.191239
1925.750000 -0.392794
1925.833333 -0.432092
1925.916667 -0.858711
1926.000000 -1.051632
1926.083333 -0.880329
1926.166667 -0.199142
1926.250000 1.568063
1926.333333 1.332481
1926.416667 0.019647
1926.500000 -0.863583
1926.583333 0.514163
1926.666667 1.188838
1926.750000 -0.200632
1926.833333 -1.779065
1926.916667 -0.441986
1927.000000 1.523055
1927.083333 0.299692
1927.166667 0.215371
1927.250000 0.121114
1927.333333 -0.626787
1927.416667 -0.453071
1927.500000 0.902818
1927.583333 1.267080
1927.666667 -0.768379
1927.750000 -1.570639
1927.833333 -1.355625
1927.916667 0.250019
1928.000000 1.258976
1928.083333 1.262060
1928.166667 -0.265876
1928.250000 -1.877751
1928.333333 -1.665793
1928.416667 0.569787
1928.500000 2.040204
1928.583333 1.747885
1928.666667 0.716447
1928.750000 0.429163
1928.833333 -0.884570
1928.916667 -1.650721
1929.000000 -0.485545
1929.083333 0.381968
1929.166667 0.682906
1929.250000 -0.429075
1929.333333 -1.177269
1929.416667 -0.280609
1929.500000 1.196423
1929.583333 0.467903
1929.666667 0.113515
1929.750000 -0.385293
1929.833333 -0.471149
1929.916667 -1.156779
1930.000000 -0.516622
1930.083333 1.057546
1930.166667 2.084873
1930.250000 1.048764
1930.333333 -0.766608
1930.416667 -0.875890
1930.500000 -0.657790
1930.583333 -1.124793
1930.666667 -0.250360
1930.750000 1.378392
1930.833333 0.690975
1930.916667 -0.256000
1931.000000 -0.751171
1931.083333 -1.080092
1931.166667 0.042135
1931.250000 -0.285302
1931.333333 -0.693428
1931.416667 0.084234
1931.500000 1.178225
1931.583333 2.041075
1931.666667 1.113581
1931.750000 -0.197024
1931.833333 -1.541330
1931.916667 -0.919593
1932.000000 -0.234130
1932.083333 0.286692
1932.166667 -0.067382
1932.250000 0.008973
1932.333333 0.313853
1932.416667 -0.581272
1932.500000 -0.037506
1932.583333 1.300365
1932.666667 0.127677
1932.750000 -1.762744
1932.833333 -0.341252
1932.916667 2.166144
1933.000000 0.957786
1933.083333 0.112497
1933.166667 -0.020843
1933.250000 -1.000939
1933.333333 -1.842205
1933.416667 -0.156888
1933.500000 1.076982
1933.583333 0.714237
1933.666667 -0.528318
1933.750000 -1.398211
1933.833333 0.282542
1933.916667 0.769980
1934.000000 0.990034
1934.083333 0.728297
1934.166667 -0.159774
1934.250000 -0.336853
1934.333333 -0.450716
1934.416667 -0.314525
1934.500000 0.355072
1934.583333 0.908287
1934.666667 0.423330
1934.750000 -0.571510
1934.833333 0.315983
1934.916667 -0.399004
1935.000000 -1.087957
1935.083333 -1.091124
1935.166667 -0.787926
1935.250000 0.474223
1935.333333 1.280572
1935.416667 0.107598
1935.500000 1.075867
1935.583333 -0.280585
1935.666667 -1.100978
1935.750000 -1.758037
1935.833333 0.222811
1935.916667 -0.009949
1936.000000 0.389553
1936.083333 1.450888
1936.166667 1.137127
1936.250000 -0.138655
1936.333333 -1.157179
1936.416667 -0.978799
1936.500000 -0.220003
1936.583333 0.314460
1936.666667 0.678713
1936.750000 0.804924
1936.833333 0.895798
1936.916667 0.388629
1937.000000 -0.726579
1937.083333 -1.380211
1937.166667 -1.598295
1937.250000 -0.120221
1937.333333 0.339530
1937.416667 0.443616
1937.500000 0.964222
1937.583333 0.285160
1937.666667 -0.023097
1937.750000 0.531459
1937.833333 1.222938
1937.916667 0.091726
1938.000000 -2.187250
1938.083333 -0.991038
1938.166667 1.601957
1938.250000 1.705576
1938.333333 0.859329
1938.416667 -1.157683
1938.500000 -2.286750
1938.583333 -0.768597
1938.666667 1.711830
1938.750000 1.714296
1938.833333 -1.057282
1938.916667 -1.578278
1939.000000 -0.602061
1939.083333 -0.263139
1939.166667 0.421670
1939.250000 0.155800
1939.333333 1.148984
1939.416667 0.841842
1939.500000 -0.202630
1939.583333 -0.412155
1939.666667 -0.214752
1939.750000 0.395402
1939.833333 -0.330989
1939.916667 -0.764928
1940.000000 0.620852
1940.083333 0.641967
1940.166667 -1.189247
1940.250000 -0.726923
1940.333333 -0.846272
1940.416667 -0.213794
1940.500000 1.066556
1940.583333 1.298602
1940.666667 0.292366
1940.750000 -0.426060
1940.833333 -0.611467
1940.916667 -0.566499
1941.000000 1.120381
1941.083333 1.719915
1941.166667 -0.746562
1941.250000 -1.963110
1941.333333 -0.994171
1941.416667 0.925066
1941.500000 1.247096
1941.583333 0.601859
1941.666667 0.008660
1941.750000 -1.301941
1941.833333 -0.722805
1941.916667 1.687437
1942.000000 1.135722
1942.083333 -0.712632
1942.166667 -1.133229
1942.250000 -2.112060
1942.333333 -0.123121
1942.416667 1.589335
1942.500000 1.544095
1942.583333 0.238052
1942.666667 0.058481
1942.750000 -0.209799
1942.833333 0.262165
1942.916667 0.160409
1943.000000 -0.577888
1943.083333 -0.727144
1943.166667 0.339702
1943.250000 0.639181
1943.333333 1.237452
1943.416667 0.151770
1943.500000 -0.539926
1943.583333 -0.688277
1943.666667 -1.462932
1943.750000 -1.054915
1943.833333 0.760656
1943.916667 0.921238
1944.000000 0.016143
1944.083333 -1.003510
1944.166667 -0.070400
1944.250000 0.144836
1944.333333 0.623742
1944.416667 1.141369
1944.500000 0.296111
1944.583333 -1.665611
1944.666667 -1.145155
1944.750000 0.225822
1944.833333 -1.205108
1944.916667 -0.298632
1945.000000 -0.287711
1945.083333 1.188290
1945.166667 2.175845
1945.250000 1.439940
1945.333333 -0.766176
1945.416667 -0.659086
1945.500000 0.315079
1945.583333 1.210643
1945.666667 0.314301
1945.750000 -0.305819
1945.833333 -0.085007
1945.916667 -1.302829
1946.000000 -0.842134
1946.083333 1.180340
1946.166667 1.009424
1946.250000 -0.236151
1946.333333 -1.134977
1946.416667 -0.850551
1946.500000 0.139963
1946.583333 -0.596078
1946.666667 0.171621
1946.750000 0.921964
1946.833333 -0.377287
1946.916667 -2.170114
1947.000000 0.767181
1947.083333 1.215461
1947.166667 0.417020
1947.250000 -0.135111
1947.333333 0.489984
1947.416667 0.594565
1947.500000 0.920353
1947.583333 -0.744692
1947.666667 -1.544153
1947.750000 -2.302096
1947.833333 -0.770969
1947.916667 1.021170
1948.000000 1.941803
1948.083333 0.861943
1948.166667 1.007088
1948.250000 0.224538
1948.333333 0.231638
1948.416667 -0.727840
1948.500000 -1.528861
1948.583333 -1.404436
1948.666667 0.892370
1948.750000 -0.010591
1948.833333 0.306134
1948.916667 -0.357487
1949.000000 0.457826
1949.083333 0.058527
1949.166667 0.574897
1949.250000 0.788410
1949.333333 -0.482662
1949.416667 -1.586417
1949.500000 -1.156489
1949.583333 1.779074
1949.666667 1.923175
1949.750000 0.175872
1949.833333 -0.812973
1949.916667 0.117634
1950.000000 -0.392946
1950.083333 0.430500
1950.166667 -0.341789
1950.250000 -0.852435
1950.333333 0.632635
1950.416667 0.614248
1950.500000 0.750514
1950.583333 -0.441945
1950.666667 -1.318574
1950.750000 -0.841015
1950.833333 0.184190
1950.916667 0.365387
1951.000000 -0.520135
1951.083333 -0.099273
1951.166667 -0.296663
1951.250000 0.791329
1951.333333 0.988667
1951.416667 0.205794
1951.500000 -0.881145
1951.583333 -0.574495
1951.666667 -0.254896
1951.750000 0.006872
1951.833333 -0.200263
1951.916667 0.965130
1952.000000 1.846728
1952.083333 1.049156
1952.166667 -0.923811
1952.250000 -0.954432
1952.333333 -0.486901
1952.416667 0.182448
1952.500000 0.766558
1952.583333 -0.112059
1952.666667 -1.805295
1952.750000 -1.032788
1952.833333 0.393909
1952.916667 0.396297
1953.000000 -0.451682
1953.083333 -1.030194
1953.166667 -0.780921
1953.250000 0.575356
1953.333333 2.756079
1953.416667 1.834537
1953.500000 -0.665562
1953.583333 -1.536701
1953.666667 -1.031315
1953.750000 -0.441433
1953.833333 1.465247
1953.916667 1.965401
1954.000000 -0.412670
1954.083333 -1.580365
1954.166667 -0.679389
1954.250000 -0.630351
1954.333333 0.703270
1954.416667 1.448796
1954.500000 0.853313
1954.583333 -0.216627
1954.666667 0.374134
1954.750000 -0.055436
1954.833333 -2.146540
1954.916667 -0.970692
1955.000000 0.702388
1955.083333 0.964149
1955.166667 0.305189
1955.250000 0.892542
1955.333333 0.697015
1955.416667 -0.404347
1955.500000 -1.250148
1955.583333 -0.869697
1955.666667 -1.026052
1955.750000 -0.277890
1955.833333 0.054728
1955.916667 0.769275
1956.000000 1.380905
1956.083333 0.464280
1956.166667 -0.418098
1956.250000 -0.133522
1956.333333 -0.133039
1956.416667 -0.309514
1956.500000 -1.236233
1956.583333 -0.885742
1956.666667 0.275922
1956.750000 0.924753
1956.833333 0.919782
1956.916667 1.492302
1957.000000 1.354234
1957.083333 0.228610
1957.166667 -1.334473
1957.250000 -1.258904
1957.333333 -0.717996
1957.416667 -0.567605
1957.500000 -0.972910
1957.583333 -0.347718
1957.666667 -1.003463
1957.750000 0.910518
1957.833333 1.546937
1957.916667 1.295526
1958.000000 0.097013
1958.083333 0.573239
1958.166667 0.037838
1958.250000 -0.143107
1958.333333 0.029167
1958.416667 0.177737
1958.500000 1.235860
1958.583333 -0.666224
1958.666667 -2.955846
1958.750000 -0.925453
1958.833333 0.528019
1958.916667 2.720320
1959.000000 -0.883748
1959.083333 -0.996070
1959.166667 0.188815
1959.250000 0.832777
1959.333333 -0.148413
1959.416667 0.863853
1959.500000 0.100577
1959.583333 -1.042151
1959.666667 -2.341749
1959.750000 -1.363935
1959.833333 1.142477
1959.916667 2.556699
1960.000000 1.579931
1960.083333 -0.050229
1960.166667 -0.670137
1960.250000 -0.169346
1960.333333 -1.192765
1960.416667 -0.727182
1960.500000 -0.123119
1960.583333 1.757240
1960.666667 0.321816
1960.750000 -1.486536
1960.833333 0.756859
1960.916667 0.952076
1961.000000 -1.128609
1961.083333 -0.844680
1961.166667 0.288590
1961.250000 0.411042
1961.333333 0.909342
1961.416667 0.147934
1961.500000 0.024132
1961.583333 -0.763771
1961.666667 0.032884
1961.750000 -0.025784
1961.833333 -0.827873
1961.916667 -0.166591
1962.000000 0.619226
1962.083333 1.548117
1962.166667 0.674279
1962.250000 -0.887024
1962.333333 -1.622333
1962.416667 0.786267
1962.500000 1.662171
1962.583333 -0.263011
1962.666667 -1.015530
1962.750000 -0.343006
1962.833333 -1.002041
1962.916667 -0.826945
1963.000000 0.804871
1963.083333 1.125366
1963.166667 1.001053
1963.250000 -0.736245
1963.333333 -0.589952
1963.416667 0.331478
1963.500000 0.492079
1963.583333 -0.122258
1963.666667 -1.565025
1963.750000 -1.084478
1963.833333 0.372239
1963.916667 1.895249
1964.000000 0.180138
1964.083333 -0.918215
1964.166667 -0.800135
1964.250000 -0.328777
1964.333333 0.994339
1964.416667 0.796833
1964.500000 -0.437717
1964.583333 -1.173194
1964.666667 0.382997
1964.750000 1.259436
1964.833333 -0.795954
1964.916667 -1.055063
1965.000000 1.570629
1965.083333 1.855146
1965.166667 0.157577
1965.250000 -1.092686
1965.333333 -0.488478
1965.416667 -0.546500
1965.500000 0.606910
1965.583333 1.325176
1965.666667 -0.100723
1965.750000 -2.398669
1965.833333 -1.187325
1965.916667 -0.061239
1966.000000 0.937009
1966.083333 0.417235
1966.166667 -0.013955
1966.250000 -0.005611
1966.333333 -0.481203
1966.416667 -0.299386
1966.500000 0.232816
1966.583333 1.117252
1966.666667 0.364359
1966.750000 -0.903459
1966.833333 -0.687864
1966.916667 1.528406
1967.000000 1.810621
1967.083333 0.449714
1967.166667 -1.308209
1967.250000 -1.168489
1967.333333 -0.528818
1967.416667 0.702081
1967.500000 0.047549
1967.583333 -0.064504
1967.666667 0.478561
1967.750000 -1.067184
1967.833333 -1.081480
1967.916667 0.024587
1968.000000 1.760162
1968.083333 0.578320
1968.166667 0.125280
1968.250000 -1.515138
1968.333333 -0.737025
1968.416667 0.263359
1968.500000 1.456802
1968.583333 -0.466843
1968.666667 0.065478
1968.750000 0.545649
1968.833333 0.736029
1968.916667 -1.191192
1969.000000 -0.628817
1969.083333 -0.568640
1969.166667 0.202719
1969.250000 0.992625
1969.333333 1.175852
1969.416667 0.313726
1969.500000 -0.076502
1969.583333 0.186590
1969.666667 -0.356865
1969.750000 -2.048414
1969.833333 -1.866640
1969.916667 0.271030
1970.000000 0.808396
1970.083333 0.530088
1970.166667 0.854548
1970.250000 1.091335
1970.333333 0.196742
1970.416667 -0.927475
1970.500000 -1.138824
1970.583333 0.293457
1970.666667 0.519932
1970.750000 0.814277
1970.833333 0.250602
1970.916667 -1.160135
1971.000000 -1.436018
1971.083333 -0.063901
1971.166667 1.460980
1971.250000 0.568971
1971.333333 -0.961523
1971.416667 -0.722997
1971.500000 0.035767
1971.583333 0.497809
1971.666667 1.341605
1971.750000 0.679432
1971.833333 -2.049580
1971.916667 -1.617116
1972.000000 0.201545
1972.083333 1.769144
1972.166667 1.856435
1972.250000 0.656484
1972.333333 -0.109896
1972.416667 -0.684137
1972.500000 -0.775287
1972.583333 -1.092506
1972.666667 0.272264
1972.750000 1.670648
1972.833333 -0.189325
1972.916667 -0.393445
1973.000000 -0.750500
1973.083333 -0.706079
1973.166667 0.394863
1973.250000 0.271530
1973.333333 -0.552165
1973.416667 -0.270213
1973.500000 0.371204
1973.583333 0.064694
1973.666667 0.038753
1973.750000 0.662158
1973.833333 0.207338
1973.916667 -0.341623
1974.000000 -0.986423
1974.083333 -0.499853
1974.166667 0.600066
1974.250000 0.948451
1974.333333 0.875241
1974.416667 0.921258
1974.500000 -0.737088
1974.583333 -0.893046
1974.666667 -0.658692
1974.750000 -0.388153
1974.833333 -0.509883
1974.916667 -0.399836
1975.000000 -0.355295
1975.083333 -0.323457
1975.166667 2.888516
1975.250000 2.070155
1975.333333 -1.481511
1975.416667 -2.355570
1975.500000 -0.507665
1975.583333 1.991008
1975.666667 0.124330
1975.750000 -1.168438
1975.833333 0.375325
1975.916667 2.188567
1976.000000 1.473883
1976.083333 -1.759969
1976.166667 -1.906383
1976.250000 -0.721122
1976.333333 -0.724304
1976.416667 0.191287
1976.500000 0.027629
1976.583333 -0.568561
1976.666667 -0.715651
1976.750000 -0.218394
1976.833333 0.749889
1976.916667 0.693772
1977.000000 0.345666
1977.083333 -0.413509
1977.166667 0.997168
1977.250000 1.832104
1977.333333 -0.177846
1977.416667 -1.370801
1977.500000 -0.116104
1977.583333 0.742404
1977.666667 0.042362
1977.750000 -0.018532
1977.833333 0.896732
1977.916667 -0.519252
1978.000000 -2.101114
1978.083333 -1.255168
1978.166667 -0.242389
1978.250000 1.790151
1978.333333 2.998539
1978.416667 2.267097
1978.500000 -1.405439
1978.583333 -2.384460
1978.666667 -1.240878
1978.750000 2.668083
1978.833333 1.569428
1978.916667 -1.853091
1979.000000 -2.366278
1979.083333 -0.513119
1979.166667 0.643866
1979.250000 0.231892
1979.333333 -0.485274
1979.416667 -0.105666
1979.500000 0.980763
1979.583333 1.341539
1979.666667 0.937895
1979.750000 -0.626101
1979.833333 -1.121745
1979.916667 -0.933404
1980.000000 -0.616730
1980.083333 0.809462
1980.166667 0.597391
1980.250000 -0.885418
1980.333333 -0.074058
1980.416667 0.562371
1980.500000 0.286825
1980.583333 0.321399
1980.666667 0.348516
1980.750000 0.009258
1980.833333 -0.151423
1980.916667 0.627084
1981.000000 -0.438432
1981.083333 -1.362335
1981.166667 -0.084472
1981.250000 -0.557883
1981.333333 -0.336044
1981.416667 1.447853
1981.500000 1.635510
1981.583333 -0.598571
1981.666667 -0.707238
1981.750000 -0.513753
1981.833333 -0.417881
1981.916667 0.299778
1982.000000 0.058303
1982.083333 -0.074593
1982.166667 -0.491851
1982.250000 -0.935647
1982.333333 0.588891
1982.416667 1.647565
1982.500000 -0.427768
1982.583333 -1.353653
1982.666667 0.118939
1982.750000 0.543055
1982.833333 -0.704349
1982.916667 0.097343
1983.000000 1.927435
1983.083333 0.882179
1983.166667 -0.448429
1983.250000 -1.122945
1983.333333 -0.599503
1983.416667 0.597275
1983.500000 0.049642
1983.583333 -0.880702
1983.666667 -0.820885
1983.750000 1.197824
1983.833333 0.702694
1983.916667 -0.654111
1984.000000 0.354762
1984.083333 0.554181
1984.166667 0.319146
1984.250000 -0.548531
1984.333333 -0.396306
1984.416667 0.378905
1984.500000 1.433263
1984.583333 0.019157
1984.666667 -0.568651
1984.750000 -0.939361
1984.833333 -0.955659
1984.916667 -0.572378
1985.000000 1.037294
1985.083333 0.822930
1985.166667 0.117750
1985.250000 -0.275553
1985.333333 -0.499198
1985.416667 -0.263906
1985.500000 0.916194
1985.583333 -0.090453
1985.666667 -1.256127
1985.750000 -0.056872
1985.833333 2.223658
1985.916667 0.710019
1986.000000 -0.734942
1986.083333 -1.074977
1986.166667 -0.281266
1986.250000 -0.921935
1986.333333 -0.498720
1986.416667 0.236533
1986.500000 0.558932
1986.583333 0.004476
1986.666667 -0.112958
1986.750000 0.257157
1986.833333 0.375440
1986.916667 0.095567
1987.000000 -1.331884
1987.083333 -1.108450
1987.166667 0.992123
1987.250000 2.726919
1987.333333 0.776018
1987.416667 -1.099002
1987.500000 -1.160724
1987.583333 -0.087366
1987.666667 0.799815
1987.750000 0.319427
1987.833333 -0.928765
1987.916667 -0.636578
1988.000000 1.051009
1988.083333 0.269498
1988.166667 -0.122029
1988.250000 0.187022
1988.333333 0.128217
1988.416667 -0.867000
1988.500000 -1.993017
1988.583333 0.683498
1988.666667 1.440660
1988.750000 1.476882
1988.833333 0.286135
1988.916667 -0.995428
1989.000000 -1.457378
1989.083333 0.407183
1989.166667 0.633974
1989.250000 0.342902
1989.333333 0.149910
1989.416667 -0.053607
1989.500000 -1.253113
1989.583333 -0.766077
1989.666667 0.708988
1989.750000 1.226523
1989.833333 1.627592
1989.916667 -0.841199
1990.000000 -1.989974
1990.083333 -1.450069
1990.166667 0.500345
1990.250000 1.192491
1990.333333 0.167680
1990.416667 -0.752402
1990.500000 0.423041
1990.583333 0.643938
1990.666667 0.358248
1990.750000 0.047838
1990.833333 -0.004302
1990.916667 -1.766792
1991.000000 -1.237853
1991.083333 0.586862
1991.166667 2.181294
1991.250000 2.106696
1991.333333 -0.999544
1991.416667 -2.070624
1991.500000 0.298333
1991.583333 1.505719
1991.666667 0.502835
1991.750000 -0.659073
1991.833333 -1.246877
1991.916667 -2.029355
1992.000000 0.226708
1992.083333 1.593847
1992.166667 0.312979
1992.250000 -0.504914
1992.333333 0.553872
1992.416667 0.859061
1992.500000 -0.116447
1992.583333 -1.430859
1992.666667 -1.553867
1992.750000 -0.298476
1992.833333 1.429046
1992.916667 0.837922
1993.000000 1.344213
1993.083333 0.436487
1993.166667 -0.320275
1993.250000 -1.371674
1993.333333 -0.410657
1993.416667 0.341551
1993.500000 -0.144068
1993.583333 -0.989685
1993.666667 0.573312
1993.750000 2.607709
1993.833333 0.093906
1993.916667 -2.386823
1994.000000 -1.473571
1994.083333 -0.081471
1994.166667 0.691858
1994.250000 0.394639
1994.333333 0.167422
1994.416667 -0.166480
1994.500000 0.481850
1994.583333 -0.018785
1994.666667 0.184783
1994.750000 0.157870
1994.833333 1.720612
1994.916667 0.358070
1995.000000 -1.565761
1995.083333 -1.333319
1995.166667 -0.129384
1995.250000 -0.206661
1995.333333 0.318819
1995.416667 1.275080
1995.500000 1.144092
1995.583333 -0.218536
1995.666667 -0.904179
1995.750000 0.066177
1995.833333 1.074435
1995.916667 -0.810207
1996.000000 -1.175205
1996.083333 -0.192252
1996.166667 0.156648
1996.250000 0.572940
1996.333333 0.489137
1996.416667 0.038660
1996.500000 0.430829
1996.583333 -0.157185
1996.666667 0.391267
1996.750000 -0.824427
1996.833333 -0.450551
1996.916667 0.506772
1997.000000 0.287892
1997.083333 -2.277462
1997.166667 -0.632828
1997.250000 0.331126
1997.333333 1.896686
1997.416667 0.453336
1997.500000 -0.221986
1997.583333 -0.003439
1997.666667 1.347175
1997.750000 0.119819
1997.833333 -0.566790
1997.916667 -1.171501
1998.000000 -0.186904
1998.083333 -0.019438
1998.166667 0.643019
1998.250000 0.822301
1998.333333 0.248688
1998.416667 -0.768495
1998.500000 -0.921513
1998.583333 0.144068
1998.666667 -0.025802
1998.750000 -0.068273
1998.833333 -0.780297
1998.916667 -0.884352
1999.000000 0.613497
1999.083333 1.572579
1999.166667 0.623983
1999.250000 -1.481476
1999.333333 -0.564875
1999.416667 0.540933
1999.500000 0.630053
1999.583333 -0.288128
1999.666667 0.342449
1999.750000 -0.026096
1999.833333 -0.991640
1999.916667 -1.242593
2000.000000 0.619730
2000.083333 1.747901
2000.166667 0.136619
2000.250000 -2.310910
2000.333333 -0.883133
2000.416667 1.657392
2000.500000 0.521483
2000.583333 0.818878
2000.666667 0.141761
2000.750000 0.326364
2000.833333 0.206802
2000.916667 1.085111
2001.000000 0.472355
2001.083333 -1.546523
2001.166667 -1.327755
2001.250000 0.744355
2001.333333 0.151618
2001.416667 -0.576720
2001.500000 -1.089992
2001.583333 0.411386
2001.666667 1.520165
2001.750000 0.792177
2001.833333 -0.354093
2001.916667 -1.579590
2002.000000 -1.242151
2002.083333 1.167187
2002.166667 1.128912
2002.250000 -0.210129
2002.333333 0.180853
2002.416667 -0.220108
2002.500000 -1.058554
2002.583333 -1.304540
2002.666667 0.325543
2002.750000 1.287699
2002.833333 1.136079
2002.916667 0.444084
2003.000000 -0.036523
2003.083333 -1.635524
2003.166667 -1.468616
2003.250000 0.690805
2003.333333 1.256903
2003.416667 0.596151
2003.500000 -0.392860
2003.583333 -0.580537
2003.666667 -0.971678
2003.750000 -0.822847
2003.833333 -0.028161
2003.916667 1.618861
2004.000000 1.037898
2004.083333 0.656893
2004.166667 1.319223
2004.250000 -0.908755
2004.333333 -2.203579
2004.416667 -0.645254
2004.500000 0.431098
2004.583333 -0.636698
2004.666667 0.749593
2004.750000 1.953206
2004.833333 1.651696
2004.916667 0.033879
2005.000000 -0.341565
2005.083333 -2.058135
2005.166667 -1.534633
2005.250000 0.305084
2005.333333 0.702891
2005.416667 0.218654
2005.500000 0.273838
2005.583333 0.952220
2005.666667 -0.622497
2005.750000 -1.265910
2005.833333 -0.377508
2005.916667 -0.197822
2006.000000 0.027419
2006.083333 0.613680
2006.166667 1.726734
2006.250000 0.653039
2006.333333 -0.848802
2006.416667 -1.448007
2006.500000 -1.169227
2006.583333 0.714847
2006.666667 1.176817
2006.750000 -0.274598
2006.833333 -0.165826
2006.916667 -0.635670
2007.000000 -0.646476
2007.083333 -0.902912
2007.166667 1.286863
2007.250000 0.578503
2007.333333 0.486709
2007.416667 -0.114634
2007.500000 0.592412
2007.583333 -1.251479
2007.666667 -1.096064
2007.750000 0.560963
2007.833333 0.990423
2007.916667 -0.033656
2008.000000 -0.633322
2008.083333 0.064162
2008.166667 1.742065
2008.250000 -0.115777
2008.333333 -0.983476
2008.416667 -0.928326
2008.500000 0.860285
2008.583333 1.984381
2008.666667 1.430217
2008.750000 -0.375275
2008.833333 -2.245122
2008.916667 -2.814056
2009.000000 -0.943275
2009.083333 1.620282
2009.166667 1.762076
2009.250000 -0.334316
2009.333333 -0.666490
2009.416667 0.044725
2009.500000 0.832758
2009.583333 1.527851
2009.666667 -0.093866
2009.750000 -0.724713
2009.833333 -1.325898
2009.916667 -0.160057
2010.000000 0.084316
2010.083333 0.571135
2010.166667 1.081891
2010.250000 -0.077565
2010.333333 -0.530828
2010.416667 -0.480097
2010.500000 0.064707
2010.583333 -1.124388
2010.666667 0.787283
2010.750000 2.293073
2010.833333 1.103710
2010.916667 -0.367918
2011.000000 -2.266889
2011.083333 -2.087737
2011.166667 -1.148169
2011.250000 -0.064675
2011.333333 0.985240
2011.416667 1.533606
2011.500000 0.948844
2011.583333 0.804053
2011.666667 -0.121657
2011.750000 0.008780
2011.833333 -0.301880
2011.916667 0.510551
2012.000000 -1.806506
2012.083333 -2.226537
2012.166667 -0.969118
2012.250000 1.190246
2012.333333 1.954428
2012.416667 1.977613
2012.500000 -0.016043
2012.583333 -0.970853
2012.666667 -0.204440
2012.750000 -0.160547
2012.833333 0.360240
2012.916667 0.079022
2013.000000 -0.121272
2013.083333 -0.862930
2013.166667 -0.540877
2013.250000 -1.283096
2013.333333 0.422343
2013.416667 0.951714
2013.500000 1.403278
2013.583333 0.245670
2013.666667 -0.905376
2013.750000 -0.002210
2013.833333 0.429566
2013.916667 1.016739
2014.000000 0.115651
2014.083333 -0.126741
2014.166667 -1.046420
2014.250000 -2.032920
2014.333333 -0.746249
2014.416667 -0.007014
2014.500000 0.868299
2014.583333 1.601948
2014.666667 0.825217
2014.750000 -1.057687
2014.833333 0.599316
2014.916667 0.914624
2015.000000 -1.087095
2015.083333 -1.342877
2015.166667 -0.211126
2015.250000 1.766397
2015.333333 0.858213
2015.416667 -1.137625
2015.500000 -0.613596
2015.583333 0.249316
2015.666667 0.431730
2015.750000 -0.262615
2015.833333 0.649397
2015.916667 0.322535
2016.000000 0.472402
2016.083333 -0.203086
2016.166667 -0.020022
2016.250000 -1.096577
2016.333333 -0.271785
2016.416667 0.639063
2016.500000 -0.029676
2016.583333 -0.574927
2016.666667 -0.863470
2016.750000 -0.056017
2016.833333 -0.164918
2016.916667 -0.678821
2017.000000 0.059911
2017.083333 0.411409
2017.166667 0.275001
2017.250000 1.058042
2017.333333 1.208772
2017.416667 0.307277
2017.500000 -1.052901
2017.583333 -1.360052
2017.666667 0.467591
2017.750000 1.212475
2017.833333 0.457428
2017.916667 -0.729918
2018.000000 0.238142
2018.083333 -0.644582
2018.166667 -0.462615
2018.250000 -0.745083
2018.333333 0.578647
2018.416667 0.371950
2018.500000 -0.649430
2018.583333 -1.315977
2018.666667 -0.836724
2018.750000 2.016304
2018.833333 2.502631
2018.916667 0.422492
2019.000000 -0.422206
2019.083333 0.182701
2019.166667 -0.619982
2019.250000 -1.379415
2019.333333 -0.569725
2019.416667 0.693709
2019.500000 1.978141
2019.583333 0.878966
2019.666667 -0.259285
2019.750000 -1.130331
2019.833333 -0.682628
2019.916667 -0.013787
2020.000000 0.387544
2020.083333 -0.675024
2020.166667 -1.040957
2020.250000 0.500218
2020.333333 -0.024316
2020.416667 -0.733663
2020.500000 -0.902243
2020.583333 -0.987235
2020.666667 0.434437
2020.750000 1.599689
2020.833333 0.372033
2020.916667 1.354794
2021.000000 0.126446
2021.083333 -1.053387
2021.166667 -0.914814
2021.250000 -0.382211
2021.333333 0.688878
2021.416667 0.120398
2021.500000 -0.116646
2021.583333 0.378094
2021.666667 -0.120611
2021.750000 -0.544588
2021.833333 -0.209299
2021.916667 0.416226
2022.000000 0.932432
2022.083333 0.880154
