1899	-2.814547712
1899.083333	-3.428547712
1899.166667	-2.968547712
1899.25	2.020452288
1899.333333	1.804452288
1899.416667	4.094452288
1899.5	5.035452288
1899.583333	5.249452288
1899.666667	1.103452288
1899.75	1.793452288
1899.833333	-10.01154771
1899.916667	-5.383547712
1900	-6.198547712
1900.083333	-6.422547712
1900.166667	-7.632547712
1900.25	0.323452288
1900.333333	-0.284547712
1900.416667	-0.227547712
1900.5	3.143452288
1900.583333	3.706452288
1900.666667	2.176452288
1900.75	1.097452288
1900.833333	-0.632547712
1900.916667	-8.452547712
1901	-3.838547712
1901.083333	-0.633547712
1901.166667	-0.216547712
1901.25	8.494452288
1901.333333	3.793452288
1901.416667	1.707452288
1901.5	3.767452288
1901.583333	3.923452288
1901.666667	0.740452288
1901.75	-0.982547712
1901.833333	-2.462547712
1901.916667	-3.662547712
1902	-6.713547712
1902.083333	-7.680547712
1902.166667	4.148452288
1902.25	2.324452288
1902.333333	2.722452288
1902.416667	1.142452288
1902.5	4.071452288
1902.583333	3.023452288
1902.666667	2.574452288
1902.75	0.345452288
1902.833333	-0.606547712
1902.916667	2.830452288
1903	-2.589547712
1903.083333	-1.139547712
1903.166667	5.297452288
1903.25	6.308452288
1903.333333	2.288452288
1903.416667	0.157452288
1903.5	5.550452288
1903.583333	3.641452288
1903.666667	3.033452288
1903.75	1.346452288
1903.833333	-2.130547712
1903.916667	-3.589547712
1904	-0.863547712
1904.083333	4.172452288
1904.166667	4.203452288
1904.25	2.962452288
1904.333333	1.973452288
1904.416667	4.668452288
1904.5	3.965452288
1904.583333	6.219452288
1904.666667	3.457452288
1904.75	1.699452288
1904.833333	-3.244547712
1904.916667	-3.171547712
1905	-3.803547712
1905.083333	-6.947547712
1905.166667	-4.171547712
1905.25	-1.667547712
1905.333333	3.339452288
1905.416667	3.900452288
1905.5	5.115452288
1905.583333	2.603452288
1905.666667	2.959452288
1905.75	2.353452288
1905.833333	-3.620547712
1905.916667	-5.125547712
1906	0.937452288
1906.083333	-4.248547712
1906.166667	-0.232547712
1906.25	0.284452288
1906.333333	3.290452288
1906.416667	1.236452288
1906.5	4.573452288
1906.583333	0.363452288
1906.666667	1.849452288
1906.75	-2.159547712
1906.833333	-0.961547712
1906.916667	1.693452288
1907	1.866452288
1907.083333	-2.412547712
1907.166667	6.768452288
1907.25	2.977452288
1907.333333	1.497452288
1907.416667	2.300452288
1907.5	4.344452288
1907.583333	5.096452288
1907.666667	4.101452288
1907.75	1.205452288
1907.833333	-0.412547712
1907.916667	-5.681547712
1908	-4.182547712
1908.083333	-1.025547712
1908.166667	6.662452288
1908.25	3.179452288
1908.333333	2.443452288
1908.416667	3.616452288
1908.5	3.510452288
1908.583333	4.598452288
1908.666667	2.858452288
1908.75	-0.994547712
1908.833333	-6.254547712
1908.916667	-5.340547712
1909	1.512452288
1909.083333	-2.748547712
1909.166667	2.056452288
1909.25	5.775452288
1909.333333	2.394452288
1909.416667	2.969452288
1909.5	4.553452288
1909.583333	3.505452288
1909.666667	2.114452288
1909.75	-1.123547712
1909.833333	1.891452288
1909.916667	0.229452288
1910	2.869452288
1910.083333	-4.825547712
1910.166667	-4.493547712
1910.25	1.431452288
1910.333333	0.319452288
1910.416667	3.444452288
1910.5	5.195452288
1910.583333	5.864452288
1910.666667	2.484452288
1910.75	0.101452288
1910.833333	-1.728547712
1910.916667	-4.128547712
1911	5.671452288
1911.083333	-1.824547712
1911.166667	2.170452288
1911.25	4.137452288
1911.333333	2.049452288
1911.416667	1.273452288
1911.5	5.444452288
1911.583333	7.083452288
1911.666667	3.403452288
1911.75	-2.442547712
1911.833333	-1.443547712
1911.916667	-2.950547712
1912	-8.033547712
1912.083333	-7.475547712
1912.166667	3.316452288
1912.25	0.037452288
1912.333333	0.919452288
1912.416667	2.509452288
1912.5	4.528452288
1912.583333	2.324452288
1912.666667	0.542452288
1912.75	1.072452288
1912.833333	-4.286547712
1912.916667	-4.103547712
1913	-2.308547712
1913.083333	-3.730547712
1913.166667	-2.259547712
1913.25	2.470452288
1913.333333	1.060452288
1913.416667	0.407452288
1913.5	6.246452288
1913.583333	4.199452288
1913.666667	0.841452288
1913.75	0.630452288
1913.833333	-0.713547712
1913.916667	-9.194547712
1914	-3.853547712
1914.083333	-8.681547712
1914.166667	4.033452288
1914.25	0.890452288
1914.333333	4.147452288
1914.416667	2.109452288
1914.5	3.760452288
1914.583333	3.874452288
1914.666667	4.094452288
1914.75	-2.818547712
1914.833333	-1.109547712
1914.916667	-1.565547712
1915	-2.665547712
1915.083333	-1.358547712
1915.166667	-4.769547712
1915.25	-1.721547712
1915.333333	-0.285547712
1915.416667	6.634452288
1915.5	6.542452288
1915.583333	3.448452288
1915.666667	2.358452288
1915.75	1.485452288
1915.833333	-0.370547712
1915.916667	-2.143547712
1916	5.247452288
1916.083333	-1.870547712
1916.166667	-0.439547712
1916.25	1.815452288
1916.333333	5.438452288
1916.416667	3.765452288
1916.5	5.422452288
1916.583333	3.388452288
1916.666667	3.124452288
1916.75	3.860452288
1916.833333	2.261452288
1916.916667	-4.565547712
1917	0.206452288
1917.083333	-4.865547712
1917.166667	3.999452288
1917.25	2.267452288
1917.333333	2.666452288
1917.416667	5.379452288
1917.5	7.379452288
1917.583333	4.099452288
1917.666667	3.158452288
1917.75	2.368452288
1917.833333	-1.390547712
1917.916667	-5.949547712
1918	-7.639547712
1918.083333	-1.484547712
1918.166667	4.232452288
1918.25	4.149452288
1918.333333	4.444452288
1918.416667	2.955452288
1918.5	2.701452288
1918.583333	4.463452288
1918.666667	1.351452288
1918.75	-0.530547712
1918.833333	-2.023547712
1918.916667	-4.646547712
1919	-4.809547712
1919.083333	-7.793547712
1919.166667	-1.659547712
1919.25	-0.722547712
1919.333333	-0.543547712
1919.416667	4.061452288
1919.5	7.487452288
1919.583333	4.143452288
1919.666667	2.745452288
1919.75	3.437452288
1919.833333	0.568452288
1919.916667	-5.193547712
1920	-0.706547712
1920.083333	-2.097547712
1920.166667	3.571452288
1920.25	5.000452288
1920.333333	4.409452288
1920.416667	1.179452288
1920.5	3.780452288
1920.583333	3.215452288
1920.666667	1.417452288
1920.75	-0.469547712
1920.833333	-1.216547712
1920.916667	-4.939547712
1921	-0.420547712
1921.083333	-8.907547712
1921.166667	0.829452288
1921.25	4.320452288
1921.333333	3.457452288
1921.416667	-0.612547712
1921.5	7.741452288
1921.583333	3.772452288
1921.666667	2.771452288
1921.75	0.797452288
1921.833333	-5.305547712
1921.916667	-2.106547712
1922	-3.587547712
1922.083333	3.633452288
1922.166667	-1.353547712
1922.25	4.186452288
1922.333333	2.464452288
1922.416667	3.990452288
1922.5	8.781452288
1922.583333	3.750452288
1922.666667	4.198452288
1922.75	-0.416547712
1922.833333	-0.984547712
1922.916667	-9.415547712
1923	-0.350547712
1923.083333	-1.315547712
1923.166667	2.635452288
1923.25	-0.503547712
1923.333333	3.014452288
1923.416667	1.215452288
1923.5	5.282452288
1923.583333	2.699452288
1923.666667	2.106452288
1923.75	-3.703547712
1923.833333	-4.910547712
1923.916667	-1.811547712
1924	-7.134547712
1924.083333	-6.473547712
1924.166667	-1.213547712
1924.25	4.930452288
1924.333333	1.256452288
1924.416667	3.773452288
1924.5	4.971452288
1924.583333	3.769452288
1924.666667	0.219452288
1924.75	1.832452288
1924.833333	-4.666547712
1924.916667	-4.830547712
1925	-3.313547712
1925.083333	-7.949547712
1925.166667	-1.345547712
1925.25	3.342452288
1925.333333	-0.853547712
1925.416667	2.994452288
1925.5	4.712452288
1925.583333	5.740452288
1925.666667	2.167452288
1925.75	-3.040547712
1925.833333	-2.867547712
1925.916667	-7.280547712
1926	-11.30354771
1926.083333	-9.984547712
1926.166667	-6.605547712
1926.25	-3.928547712
1926.333333	0.145452288
1926.416667	0.919452288
1926.5	4.798452288
1926.583333	2.685452288
1926.666667	2.081452288
1926.75	-4.724547712
1926.833333	-6.395547712
1926.916667	-3.863547712
1927	-3.551547712
1927.083333	-12.42054771
1927.166667	2.286452288
1927.25	5.333452288
1927.333333	4.730452288
1927.416667	0.538452288
1927.5	6.615452288
1927.583333	2.916452288
1927.666667	-0.957547712
1927.75	-0.341547712
1927.833333	-1.565547712
1927.916667	-2.277547712
1928	-6.976547712
1928.083333	-7.141547712
1928.166667	-3.201547712
1928.25	0.725452288
1928.333333	1.108452288
1928.416667	2.238452288
1928.5	4.494452288
1928.583333	4.500452288
1928.666667	3.261452288
1928.75	-0.364547712
1928.833333	-5.812547712
1928.916667	-8.626547712
1929	-7.294547712
1929.083333	-5.514547712
1929.166667	1.834452288
1929.25	1.852452288
1929.333333	0.782452288
1929.416667	0.390452288
1929.5	5.142452288
1929.583333	3.224452288
1929.666667	-0.615547712
1929.75	-3.375547712
1929.833333	-1.119547712
1929.916667	-1.740547712
1930	-4.303547712
1930.083333	-6.054547712
1930.166667	4.131452288
1930.25	0.212452288
1930.333333	1.172452288
1930.416667	1.871452288
1930.5	4.440452288
1930.583333	4.869452288
1930.666667	3.478452288
1930.75	-1.581547712
1930.833333	-0.562547712
1930.916667	-8.769547712
1931	-14.08754771
1931.083333	-6.333547712
1931.166667	-2.905547712
1931.25	0.678452288
1931.333333	1.346452288
1931.416667	0.990452288
1931.5	4.014452288
1931.583333	3.793452288
1931.666667	3.456452288
1931.75	0.491452288
1931.833333	-0.060547712
1931.916667	-0.671547712
1932	-0.211547712
1932.083333	-0.458547712
1932.166667	-6.588547712
1932.25	-0.893547712
1932.333333	1.725452288
1932.416667	2.788452288
1932.5	5.113452288
1932.583333	4.607452288
1932.666667	2.363452288
1932.75	-0.758547712
1932.833333	-0.733547712
1932.916667	-6.383547712
1933	-0.288547712
1933.083333	-1.496547712
1933.166667	-1.595547712
1933.25	2.166452288
1933.333333	3.381452288
1933.416667	2.920452288
1933.5	6.319452288
1933.583333	2.934452288
1933.666667	1.515452288
1933.75	-0.888547712
1933.833333	-0.288547712
1933.916667	-2.974547712
1934	-8.069547712
1934.083333	-14.12254771
1934.166667	-4.985547712
1934.25	0.586452288
1934.333333	1.370452288
1934.416667	3.327452288
1934.5	6.530452288
1934.583333	4.946452288
1934.666667	0.583452288
1934.75	-0.684547712
1934.833333	-3.580547712
1934.916667	-4.734547712
1935	-6.883547712
1935.083333	-4.505547712
1935.166667	0.483452288
1935.25	3.087452288
1935.333333	1.833452288
1935.416667	0.787452288
1935.5	5.198452288
1935.583333	5.339452288
1935.666667	0.848452288
1935.75	3.154452288
1935.833333	0.733452288
1935.916667	-11.39754771
1936	-9.506547712
1936.083333	-7.820547712
1936.166667	1.783452288
1936.25	0.335452288
1936.333333	0.053452288
1936.416667	1.437452288
1936.5	4.997452288
1936.583333	4.932452288
1936.666667	2.471452288
1936.75	-3.161547712
1936.833333	-2.356547712
1936.916667	-0.525547712
1937	4.636452288
1937.083333	0.665452288
1937.166667	-1.581547712
1937.25	2.621452288
1937.333333	-0.313547712
1937.416667	-0.223547712
1937.5	4.613452288
1937.583333	5.363452288
1937.666667	2.864452288
1937.75	-4.248547712
1937.833333	-1.555547712
1937.916667	-5.930547712
1938	-4.346547712
1938.083333	-5.564547712
1938.166667	-1.673547712
1938.25	-2.819547712
1938.333333	1.365452288
1938.416667	1.443452288
1938.5	5.992452288
1938.583333	6.619452288
1938.666667	0.343452288
1938.75	-4.026547712
1938.833333	-1.061547712
1938.916667	-7.510547712
1939	-5.192547712
1939.083333	-3.958547712
1939.166667	0.922452288
1939.25	2.572452288
1939.333333	2.641452288
1939.416667	3.570452288
1939.5	4.379452288
1939.583333	3.425452288
1939.666667	2.104452288
1939.75	1.135452288
1939.833333	-2.706547712
1939.916667	-11.80554771
1940	-14.06954771
1940.083333	-11.03454771
1940.166667	-5.719547712
1940.25	-4.106547712
1940.333333	2.106452288
1940.416667	1.979452288
1940.5	3.439452288
1940.583333	3.527452288
1940.666667	0.053452288
1940.75	-2.065547712
1940.833333	-2.049547712
1940.916667	-9.619547712
1941	-11.74154771
1941.083333	-10.34154771
1941.166667	-3.229547712
1941.25	-2.682547712
1941.333333	2.806452288
1941.416667	-0.067547712
1941.5	3.273452288
1941.583333	3.192452288
1941.666667	1.273452288
1941.75	0.425452288
1941.833333	-0.510547712
1941.916667	-5.913547712
1942	-11.50254771
1942.083333	-6.288547712
1942.166667	0.960452288
1942.25	-0.860547712
1942.333333	1.912452288
1942.416667	2.245452288
1942.5	3.787452288
1942.583333	1.970452288
1942.666667	0.696452288
1942.75	0.596452288
1942.833333	2.708452288
1942.916667	-0.472547712
1943	-4.918547712
1943.083333	-2.479547712
1943.166667	3.066452288
1943.25	-2.559547712
1943.333333	2.473452288
1943.416667	2.204452288
1943.5	3.657452288
1943.583333	4.417452288
1943.666667	1.144452288
1943.75	-2.109547712
1943.833333	-6.785547712
1943.916667	-6.784547712
1944	-10.91554771
1944.083333	-2.021547712
1944.166667	1.748452288
1944.25	-0.422547712
1944.333333	1.197452288
1944.416667	2.479452288
1944.5	4.861452288
1944.583333	5.052452288
1944.666667	4.038452288
1944.75	1.558452288
1944.833333	-4.985547712
1944.916667	-7.750547712
1945	-12.37754771
1945.083333	-7.730547712
1945.166667	-1.600547712
1945.25	5.622452288
1945.333333	-0.271547712
1945.416667	3.473452288
1945.5	3.477452288
1945.583333	5.861452288
1945.666667	1.792452288
1945.75	0.130452288
1945.833333	3.346452288
1945.916667	-8.605547712
1946	-6.029547712
1946.083333	-6.476547712
1946.166667	0.649452288
1946.25	1.878452288
1946.333333	1.551452288
1946.416667	2.892452288
1946.5	3.793452288
1946.583333	4.387452288
1946.666667	1.568452288
1946.75	1.450452288
1946.833333	1.869452288
1946.916667	0.558452288
1947	0.050452288
1947.083333	-10.82554771
1947.166667	-2.044547712
1947.25	0.294452288
1947.333333	-0.657547712
1947.416667	1.695452288
1947.5	4.138452288
1947.583333	5.401452288
1947.666667	3.887452288
1947.75	-2.247547712
1947.833333	-5.503547712
1947.916667	-3.097547712
1948	-3.627547712
1948.083333	1.250452288
1948.166667	3.913452288
1948.25	7.931452288
1948.333333	3.265452288
1948.416667	2.698452288
1948.5	4.493452288
1948.583333	5.092452288
1948.666667	2.733452288
1948.75	-1.934547712
1948.833333	-2.157547712
1948.916667	1.421452288
1949	-0.754547712
1949.083333	-1.857547712
1949.166667	-5.811547712
1949.25	0.797452288
1949.333333	2.751452288
1949.416667	3.808452288
1949.5	6.005452288
1949.583333	4.272452288
1949.666667	0.325452288
1949.75	-0.337547712
1949.833333	-4.666547712
1949.916667	-2.271547712
1950	2.122452288
1950.083333	-2.352547712
1950.166667	-4.620547712
1950.25	2.743452288
1950.333333	2.720452288
1950.416667	2.759452288
1950.5	3.482452288
1950.583333	0.013452288
1950.666667	-0.133547712
1950.75	-1.985547712
1950.833333	3.622452288
1950.916667	-4.781547712
1951	-4.431547712
1951.083333	-1.594547712
1951.166667	2.936452288
1951.25	-0.836547712
1951.333333	-0.015547712
1951.416667	1.451452288
1951.5	5.162452288
1951.583333	3.480452288
1951.666667	-0.327547712
1951.75	-1.284547712
1951.833333	-3.282547712
1951.916667	1.099452288
1952	-2.374547712
1952.083333	-5.031547712
1952.166667	1.307452288
1952.25	0.937452288
1952.333333	3.059452288
1952.416667	1.726452288
1952.5	5.682452288
1952.583333	4.242452288
1952.666667	1.633452288
1952.75	-0.329547712
1952.833333	-3.847547712
1952.916667	-8.975547712
1953	-10.21554771
1953.083333	-4.591547712
1953.166667	1.859452288
1953.25	-2.351547712
1953.333333	0.651452288
1953.416667	4.383452288
1953.5	5.450452288
1953.583333	3.951452288
1953.666667	2.917452288
1953.75	-2.218547712
1953.833333	-6.813547712
1953.916667	-4.632547712
1954	-1.910547712
1954.083333	-5.394547712
1954.166667	4.072452288
1954.25	4.788452288
1954.333333	0.904452288
1954.416667	0.610452288
1954.5	5.399452288
1954.583333	4.092452288
1954.666667	2.254452288
1954.75	-2.076547712
1954.833333	-7.130547712
1954.916667	-0.981547712
1955	-5.654547712
1955.083333	2.651452288
1955.166667	3.433452288
1955.25	3.835452288
1955.333333	2.126452288
1955.416667	2.855452288
1955.5	4.232452288
1955.583333	5.433452288
1955.666667	3.408452288
1955.75	0.317452288
1955.833333	0.272452288
1955.916667	-1.277547712
1956	-2.546547712
1956.083333	0.105452288
1956.166667	1.203452288
1956.25	1.450452288
1956.333333	0.885452288
1956.416667	2.515452288
1956.5	6.049452288
1956.583333	2.286452288
1956.666667	1.153452288
1956.75	3.459452288
1956.833333	-1.788547712
1956.916667	-5.193547712
1957	1.047452288
1957.083333	-1.454547712
1957.166667	-4.823547712
1957.25	2.197452288
1957.333333	-0.809547712
1957.416667	0.013452288
1957.5	5.814452288
1957.583333	3.536452288
1957.666667	-1.098547712
1957.75	-2.018547712
1957.833333	-4.156547712
1957.916667	-0.400547712
1958	-11.71254771
1958.083333	-10.05754771
1958.166667	1.702452288
1958.25	-0.215547712
1958.333333	1.061452288
1958.416667	1.791452288
1958.5	3.696452288
1958.583333	3.801452288
1958.666667	1.285452288
1958.75	1.879452288
1958.833333	-1.507547712
1958.916667	-7.061547712
1959	-4.351547712
1959.083333	0.610452288
1959.166667	0.075452288
1959.25	3.299452288
1959.333333	2.212452288
1959.416667	1.999452288
1959.5	5.601452288
1959.583333	4.351452288
1959.666667	-0.559547712
1959.75	-2.388547712
1959.833333	-3.552547712
1959.916667	-2.594547712
1960	-6.811547712
1960.083333	-5.138547712
1960.166667	0.645452288
1960.25	2.054452288
1960.333333	2.114452288
1960.416667	3.811452288
1960.5	4.285452288
1960.583333	4.242452288
1960.666667	3.312452288
1960.75	-0.848547712
1960.833333	-0.621547712
1960.916667	-7.236547712
1961	-13.17254771
1961.083333	-5.984547712
1961.166667	-2.403547712
1961.25	5.372452288
1961.333333	2.212452288
1961.416667	3.655452288
1961.5	5.527452288
1961.583333	3.014452288
1961.666667	3.065452288
1961.75	2.912452288
1961.833333	-0.246547712
1961.916667	-2.910547712
1962	-2.644547712
1962.083333	-5.083547712
1962.166667	0.553452288
1962.25	5.723452288
1962.333333	5.426452288
1962.416667	4.008452288
1962.5	5.501452288
1962.583333	4.329452288
1962.666667	2.888452288
1962.75	-1.805547712
1962.833333	-4.299547712
1962.916667	-6.031547712
1963	-10.27954771
1963.083333	-10.44554771
1963.166667	4.634452288
1963.25	4.765452288
1963.333333	3.093452288
1963.416667	3.591452288
1963.5	5.721452288
1963.583333	3.546452288
1963.666667	-2.060547712
1963.75	-0.404547712
1963.833333	-1.462547712
1963.916667	-9.508547712
1964	-6.467547712
1964.083333	-2.730547712
1964.166667	1.799452288
1964.25	6.718452288
1964.333333	8.072452288
1964.416667	1.016452288
1964.5	3.777452288
1964.583333	3.270452288
1964.666667	2.280452288
1964.75	1.499452288
1964.833333	-0.586547712
1964.916667	-2.036547712
1965	-7.069547712
1965.083333	-2.748547712
1965.166667	-1.878547712
1965.25	3.202452288
1965.333333	3.542452288
1965.416667	1.405452288
1965.5	4.652452288
1965.583333	2.900452288
1965.666667	2.235452288
1965.75	-0.785547712
1965.833333	1.189452288
1965.916667	0.526452288
1966	-8.515547712
1966.083333	0.004452288
1966.166667	-0.589547712
1966.25	2.824452288
1966.333333	3.482452288
1966.416667	1.264452288
1966.5	4.871452288
1966.583333	3.531452288
1966.666667	-2.417547712
1966.75	1.563452288
1966.833333	2.678452288
1966.916667	-6.018547712
1967	-4.710547712
1967.083333	-3.999547712
1967.166667	3.085452288
1967.25	8.237452288
1967.333333	5.669452288
1967.416667	1.632452288
1967.5	6.265452288
1967.583333	1.265452288
1967.666667	-2.583547712
1967.75	-2.453547712
1967.833333	-0.144547712
1967.916667	-2.710547712
1968	-2.673547712
1968.083333	-12.69954771
1968.166667	-0.441547712
1968.25	4.537452288
1968.333333	3.422452288
1968.416667	3.467452288
1968.5	3.140452288
1968.583333	2.489452288
1968.666667	3.172452288
1968.75	-2.032547712
1968.833333	-6.378547712
1968.916667	0.818452288
1969	-0.341547712
1969.083333	-3.838547712
1969.166667	0.136452288
1969.25	-0.413547712
1969.333333	-0.025547712
1969.416667	0.476452288
1969.5	6.240452288
1969.583333	4.105452288
1969.666667	-0.588547712
1969.75	-2.194547712
1969.833333	-2.337547712
1969.916667	-10.97754771
1970	-6.775547712
1970.083333	-10.14154771
1970.166667	-4.836547712
1970.25	4.362452288
1970.333333	4.102452288
1970.416667	1.895452288
1970.5	3.353452288
1970.583333	4.060452288
1970.666667	1.589452288
1970.75	1.725452288
1970.833333	1.564452288
1970.916667	-0.898547712
1971	-0.353547712
1971.083333	-5.111547712
1971.166667	-1.539547712
1971.25	1.996452288
1971.333333	1.497452288
1971.416667	1.709452288
1971.5	3.510452288
1971.583333	2.513452288
1971.666667	2.524452288
1971.75	2.453452288
1971.833333	-1.021547712
1971.916667	1.442452288
1972	-0.025547712
1972.083333	-2.056547712
1972.166667	-2.902547712
1972.25	7.053452288
1972.333333	2.010452288
1972.416667	2.782452288
1972.5	5.201452288
1972.583333	1.885452288
1972.666667	2.028452288
1972.75	2.150452288
1972.833333	-3.046547712
1972.916667	-2.022547712
1973	-4.428547712
1973.083333	-4.538547712
1973.166667	-2.142547712
1973.25	4.013452288
1973.333333	1.681452288
1973.416667	2.346452288
1973.5	4.866452288
1973.583333	5.066452288
1973.666667	1.504452288
1973.75	2.050452288
1973.833333	2.081452288
1973.916667	-7.429547712
1974	-6.137547712
1974.083333	-1.588547712
1974.166667	-5.368547712
1974.25	1.775452288
1974.333333	2.713452288
1974.416667	3.229452288
1974.5	4.312452288
1974.583333	1.835452288
1974.666667	1.600452288
1974.75	-2.011547712
1974.833333	-2.238547712
1974.916667	-6.632547712
1975	-1.812547712
1975.083333	-4.594547712
1975.166667	1.647452288
1975.25	6.133452288
1975.333333	1.789452288
1975.416667	3.830452288
1975.5	3.046452288
1975.583333	4.741452288
1975.666667	3.700452288
1975.75	1.004452288
1975.833333	-0.315547712
1975.916667	-5.731547712
1976	-8.669547712
1976.083333	0.377452288
1976.166667	1.046452288
1976.25	2.562452288
1976.333333	1.752452288
1976.416667	3.012452288
1976.5	2.321452288
1976.583333	2.682452288
1976.666667	-0.997547712
1976.75	-0.553547712
1976.833333	-5.071547712
1976.916667	-7.689547712
1977	-13.73454771
1977.083333	-11.56754771
1977.166667	4.075452288
1977.25	4.079452288
1977.333333	2.861452288
1977.416667	2.410452288
1977.5	5.068452288
1977.583333	1.275452288
1977.666667	3.865452288
1977.75	-1.322547712
1977.833333	-0.268547712
1977.916667	-2.754547712
1978	-12.18154771
1978.083333	-12.19254771
1978.166667	-3.899547712
1978.25	1.234452288
1978.333333	4.896452288
1978.416667	5.359452288
1978.5	4.708452288
1978.583333	2.440452288
1978.666667	1.141452288
1978.75	-0.496547712
1978.833333	-1.511547712
1978.916667	0.101452288
1979	-6.476547712
1979.083333	1.495452288
1979.166667	-4.599547712
1979.25	2.903452288
1979.333333	0.615452288
1979.416667	6.151452288
1979.5	4.152452288
1979.583333	1.492452288
1979.666667	-0.448547712
1979.75	-3.951547712
1979.833333	-0.291547712
1979.916667	-3.761547712
1980	-6.166547712
1980.083333	-12.88254771
1980.166667	-2.218547712
1980.25	-1.422547712
1980.333333	1.784452288
1980.416667	6.080452288
1980.5	4.394452288
1980.583333	5.571452288
1980.666667	1.964452288
1980.75	-2.277547712
1980.833333	-5.041547712
1980.916667	-7.054547712
1981	-16.30654771
1981.083333	-7.400547712
1981.166667	-5.763547712
1981.25	2.143452288
1981.333333	0.403452288
1981.416667	2.149452288
1981.5	6.484452288
1981.583333	2.617452288
1981.666667	1.776452288
1981.75	1.504452288
1981.833333	-3.979547712
1981.916667	-4.557547712
1982	-3.401547712
1982.083333	-0.862547712
1982.166667	2.056452288
1982.25	5.280452288
1982.333333	3.789452288
1982.416667	0.499452288
1982.5	3.934452288
1982.583333	5.076452288
1982.666667	2.092452288
1982.75	2.453452288
1982.833333	-3.625547712
1982.916667	-6.798547712
1983	-11.58454771
1983.083333	-15.08654771
1983.166667	-9.349547712
1983.25	3.483452288
1983.333333	2.770452288
1983.416667	0.818452288
1983.5	4.322452288
1983.583333	5.076452288
1983.666667	4.004452288
1983.75	1.366452288
1983.833333	-7.725547712
1983.916667	-5.659547712
1984	-5.973547712
1984.083333	-5.246547712
1984.166667	-7.739547712
1984.25	2.848452288
1984.333333	2.744452288
1984.416667	2.127452288
1984.5	5.774452288
1984.583333	2.947452288
1984.666667	-0.591547712
1984.75	-0.797547712
1984.833333	-4.707547712
1984.916667	-1.953547712
1985	-12.70554771
1985.083333	1.405452288
1985.166667	4.244452288
1985.25	4.873452288
1985.333333	2.874452288
1985.416667	2.802452288
1985.5	4.676452288
1985.583333	5.383452288
1985.666667	3.120452288
1985.75	2.905452288
1985.833333	-0.227547712
1985.916667	-10.95654771
1986	-11.31354771
1986.083333	-12.22654771
1986.166667	-5.054547712
1986.25	5.363452288
1986.333333	2.511452288
1986.416667	1.101452288
1986.5	5.076452288
1986.583333	2.624452288
1986.666667	2.289452288
1986.75	-1.791547712
1986.833333	-0.864547712
1986.916667	-11.74954771
1987	-9.533547712
1987.083333	-7.298547712
1987.166667	-4.468547712
1987.25	-0.448547712
1987.333333	3.718452288
1987.416667	1.237452288
1987.5	3.117452288
1987.583333	3.898452288
1987.666667	2.675452288
1987.75	-0.304547712
1987.833333	-3.034547712
1987.916667	-3.263547712
1988	-7.349547712
1988.083333	-8.570547712
1988.166667	-0.866547712
1988.25	0.824452288
1988.333333	0.708452288
1988.416667	1.274452288
1988.5	4.892452288
1988.583333	2.878452288
1988.666667	3.420452288
1988.75	-1.197547712
1988.833333	-2.949547712
1988.916667	-4.400547712
1989	-0.739547712
1989.083333	2.286452288
1989.166667	0.760452288
1989.25	3.202452288
1989.333333	4.682452288
1989.416667	3.696452288
1989.5	6.102452288
1989.583333	3.154452288
1989.666667	0.663452288
1989.75	1.817452288
1989.833333	1.296452288
1989.916667	-7.467547712
1990	-5.182547712
1990.083333	4.715452288
1990.166667	-2.591547712
1990.25	3.007452288
1990.333333	1.603452288
1990.416667	3.050452288
1990.5	4.154452288
1990.583333	2.385452288
1990.666667	0.886452288
1990.75	1.709452288
1990.833333	6.384452288
1990.916667	-0.876547712
1991	-5.015547712
1991.083333	-10.00354771
1991.166667	1.974452288
1991.25	1.294452288
1991.333333	1.707452288
1991.416667	3.489452288
1991.5	3.873452288
1991.583333	2.195452288
1991.666667	-1.027547712
1991.75	0.826452288
1991.833333	-4.399547712
1991.916667	-4.995547712
1992	-13.89354771
1992.083333	-5.750547712
1992.166667	-2.440547712
1992.25	1.195452288
1992.333333	3.103452288
1992.416667	1.051452288
1992.5	4.549452288
1992.583333	3.089452288
1992.666667	2.210452288
1992.75	-1.053547712
1992.833333	-2.914547712
1992.916667	0.367452288
1993	-1.939547712
1993.083333	-10.30954771
1993.166667	-5.191547712
1993.25	-3.050547712
1993.333333	-0.229547712
1993.416667	2.248452288
1993.5	4.155452288
1993.583333	3.095452288
1993.666667	2.913452288
1993.75	-0.253547712
1993.833333	1.134452288
1993.916667	-5.932547712
1994	-4.439547712
1994.083333	-2.347547712
1994.166667	-0.380547712
1994.25	1.221452288
1994.333333	0.864452288
1994.416667	4.116452288
1994.5	4.454452288
1994.583333	4.766452288
1994.666667	1.052452288
1994.75	-0.092547712
1994.833333	3.943452288
1994.916667	-7.354547712
1995	-10.55654771
1995.083333	-6.159547712
1995.166667	-0.809547712
1995.25	1.147452288
1995.333333	1.088452288
1995.416667	1.827452288
1995.5	4.073452288
1995.583333	4.503452288
1995.666667	-2.560547712
1995.75	0.170452288
1995.833333	-0.803547712
1995.916667	-13.06754771
1996	-4.453547712
1996.083333	-4.764547712
1996.166667	-1.811547712
1996.25	-3.138547712
1996.333333	3.070452288
1996.416667	3.918452288
1996.5	5.466452288
1996.583333	5.337452288
1996.666667	1.865452288
1996.75	1.576452288
1996.833333	-0.471547712
1996.916667	-2.934547712
1997	-10.70654771
1997.083333	-8.529547712
1997.166667	2.236452288
1997.25	-1.368547712
1997.333333	0.129452288
1997.416667	2.094452288
1997.5	3.202452288
1997.583333	3.221452288
1997.666667	-0.282547712
1997.75	0.535452288
1997.833333	-2.763547712
1997.916667	-4.398547712
1998	-12.01154771
1998.083333	-12.55354771
1998.166667	-4.643547712
1998.25	2.353452288
1998.333333	3.069452288
1998.416667	4.990452288
1998.5	5.058452288
1998.583333	6.008452288
1998.666667	1.711452288
1998.75	1.148452288
1998.833333	-3.786547712
1998.916667	-1.380547712
1999	-4.796547712
1999.083333	-5.845547712
1999.166667	-0.715547712
1999.25	4.373452288
1999.333333	2.969452288
1999.416667	1.279452288
1999.5	6.364452288
1999.583333	1.626452288
1999.666667	1.541452288
1999.75	1.741452288
1999.833333	-1.428547712
1999.916667	-2.209547712
2000	0.793452288
2000.083333	-11.85054771
2000.166667	-6.819547712
2000.25	2.330452288
2000.333333	3.504452288
2000.416667	2.616452288
2000.5	4.621452288
2000.583333	5.313452288
2000.666667	0.657452288
2000.75	0.103452288
2000.833333	-3.617547712
2000.916667	-9.505547712
2001	-10.75454771
2001.083333	-3.294547712
2001.166667	-1.166547712
2001.25	3.302452288
2001.333333	2.771452288
2001.416667	3.753452288
2001.5	4.655452288
2001.583333	3.650452288
2001.666667	0.970452288
2001.75	1.168452288
2001.833333	-5.961547712
2001.916667	-6.014547712
2002	-4.890547712
2002.083333	-2.619547712
2002.166667	1.713452288
2002.25	5.683452288
2002.333333	1.602452288
2002.416667	0.919452288
2002.5	4.098452288
2002.583333	3.449452288
2002.666667	1.793452288
2002.75	-2.535547712
2002.833333	-8.202547712
2002.916667	-9.494547712
2003	-13.16554771
2003.083333	-5.263547712
2003.166667	-2.315547712
2003.25	1.714452288
2003.333333	3.171452288
2003.416667	0.943452288
2003.5	5.447452288
2003.583333	3.667452288
2003.666667	0.494452288
2003.75	-1.308547712
2003.833333	5.350452288
2003.916667	-8.981547712
2004	-7.680547712
2004.083333	-10.90554771
2004.166667	1.280452288
2004.25	-1.190547712
2004.333333	2.426452288
2004.416667	3.769452288
2004.5	2.228452288
2004.583333	1.134452288
2004.666667	3.189452288
2004.75	-0.201547712
2004.833333	-1.665547712
2004.916667	-3.513547712
2005	-8.748547712
2005.083333	-4.680547712
2005.166667	-4.398547712
2005.25	1.249452288
2005.333333	-0.836547712
2005.416667	1.857452288
2005.5	4.263452288
2005.583333	2.163452288
2005.666667	3.332452288
2005.75	0.211452288
2005.833333	1.132452288
2005.916667	-13.20854771
2006	-4.794547712
2006.083333	1.631452288
2006.166667	2.032452288
2006.25	2.755452288
2006.333333	3.747452288
2006.416667	3.752452288
2006.5	3.582452288
2006.583333	5.371452288
2006.666667	1.998452288
2006.75	1.427452288
2006.833333	1.997452288
2006.916667	-7.806547712
2007	-4.222547712
2007.083333	-4.581547712
2007.166667	-0.006547712
2007.25	-2.885547712
2007.333333	2.755452288
2007.416667	3.504452288
2007.5	1.920452288
2007.583333	3.320452288
2007.666667	1.165452288
2007.75	0.578452288
2007.833333	-5.164547712
2007.916667	-2.190547712
2008	-3.422547712
2008.083333	-6.902547712
2008.166667	0.438452288
2008.25	5.430452288
2008.333333	1.387452288
2008.416667	4.201452288
2008.5	3.808452288
2008.583333	2.082452288
2008.666667	1.231452288
2008.75	2.671452288
2008.833333	-1.937547712
2008.916667	1.964452288
2009	-3.165547712
2009.083333	2.062452288
2009.166667	4.649452288
2009.25	3.126452288
2009.333333	3.281452288
2009.416667	0.411452288
2009.5	3.031452288
2009.583333	3.482452288
2009.666667	0.846452288
2009.75	-2.016547712
2009.833333	-0.563547712
2009.916667	-8.410547712
2010	-12.70554771
2010.083333	-7.741547712
2010.166667	-1.885547712
2010.25	2.468452288
2010.333333	3.479452288
2010.416667	3.242452288
2010.5	6.092452288
2010.583333	5.364452288
2010.666667	0.002452288
2010.75	-1.187547712
2010.833333	1.082452288
2010.916667	0.758452288
2011	-9.566547712
2011.083333	3.050452288
2011.166667	-3.412547712
2011.25	2.347452288
2011.333333	2.112452288
2011.416667	2.000452288
2011.5	4.520452288
2011.583333	2.287452288
2011.666667	0.128452288
2011.75	-0.077547712
2011.833333	1.313452288
2011.916667	-3.058547712
2012	-5.257547712
2012.083333	-6.676547712
2012.166667	1.562452288
2012.25	2.314452288
2012.333333	3.514452288
2012.416667	1.908452288
2012.5	5.629452288
2012.583333	4.220452288
2012.666667	2.570452288
2012.75	0.099452288
2012.833333	-0.461547712
2012.916667	-3.414547712
2013	-6.430547712
2013.083333	-3.054547712
2013.166667	1.163452288
2013.25	3.298452288
2013.333333	3.168452288
2013.416667	2.997452288
2013.5	5.510452288
2013.583333	1.179452288
2013.666667	0.421452288
2013.75	-0.249547712
2013.833333	2.686452288
2013.916667	-2.455547712
2014	-9.878547712
2014.083333	-1.907547712
2014.166667	-3.170547712
2014.25	-1.941547712
2014.333333	4.687452288
2014.416667	3.659452288
2014.5	3.976452288
2014.583333	1.636452288
2014.666667	-0.694547712
2014.75	-1.584547712
2014.833333	-4.237547712
2014.916667	-7.649547712
2015	-8.300547712
2015.083333	-5.149547712
2015.166667	0.903452288
2015.25	3.119452288
2015.333333	1.902452288
2015.416667	2.806452288
2015.5	2.463452288
2015.583333	3.647452288
2015.666667	3.043452288
2015.75	-3.004547712
2015.833333	3.188452288
2015.916667	-6.582547712
2016	-13.67754771
2016.083333	-9.519547712
2016.166667	-4.221547712
2016.25	-2.262547712
2016.333333	4.398452288
2016.416667	4.842452288
2016.5	7.389452288
2016.583333	6.082452288
2016.666667	2.839452288
2016.75	-3.231547712
2016.833333	-3.512547712
2016.916667	1.355452288
2017	-3.987547712
2017.083333	-4.595547712
2017.166667	-1.728547712
2017.25	-1.517547712
2017.333333	2.165452288
2017.416667	1.017452288
2017.5	5.319452288
2017.583333	2.517452288
2017.666667	1.249452288
2017.75	2.590452288
2017.833333	3.555452288
2017.916667	-3.083547712
2018	-5.607547712
2018.083333	1.686452288
2018.166667	4.578452288
2018.25	0.499452288
2018.333333	2.527452288
2018.416667	1.815452288
2018.5	7.722452288
2018.583333	4.276452288
2018.666667	3.904452288
2018.75	-2.298547712
2018.833333	-1.890547712
2018.916667	-5.101547712
2019	-8.957547712
2019.083333	1.877452288
2019.166667	-2.695547712
2019.25	-1.178547712
2019.333333	1.993452288
2019.416667	4.162452288
2019.5	3.392452288
2019.583333	2.648452288
2019.666667	1.294452288
2019.75	1.748452288
2019.833333	-3.009547712
2019.916667	-4.946547712
2020	-2.586547712
2020.083333	-1.632547712
2020.166667	7.237452288
2020.25	1.246452288
2020.333333	-0.030547712
2020.416667	2.805452288
2020.5	4.097452288
2020.583333	1.998452288
2020.666667	1.873452288
2020.75	2.534452288
2020.833333	0.127452288
2020.916667	-9.315547712
2021	-6.321547712
2021.083333	-1.732547712
2021.166667	6.670452288
2021.25	5.593452288
2021.333333	2.453452288
2021.416667	1.486452288
2021.5	6.452452288
2021.583333	3.533452288
2021.666667	2.061452288
2021.75	0.801452288
2021.833333	-0.542547712
2021.916667	3.640452288
2022	-8.233547712
2022.083333	-4.966547712
2022.166667	-1.028547712
2022.25	2.695452288
2022.333333	4.066452288
2022.416667	2.284452288
2022.5	4.662452288
2022.583333	3.564452288
2022.666667	1.785452288
2022.75	2.184452288
2022.833333	2.556452288
2022.916667	-5.033547712
2023	-8.218547712
2023.083333	1.699452288
2023.166667	4.838452288
2023.25	2.714452288
2023.333333	4.293452288
2023.416667	1.826452288
2023.5	5.803452288
2023.583333	3.299452288
2023.666667	2.949452288
2023.75	-1.061547712
2023.833333	-0.703547712
2023.916667	-4.844547712
2024	-8.859547712
2024.083333	-2.390547712
2024.166667	-1.083547712
2024.25	5.955452288
2024.333333	4.830452288
2024.416667	1.919452288
2024.5	5.877452288
2024.583333	4.564452288
2024.666667	1.833452288
2024.75	2.750452288
2024.833333	-0.063547712
2024.916667	-12.92354771
2025	-3.082547712
2025.083333	-9.169547712
2025.166667	0.321452288
2025.25	3.668452288
2025.333333	3.152452288
2025.416667	4.192452288
2025.5	4.880452288
2025.583333	3.179452288
2025.666667	1.138452288
2025.75	0.204452288
2025.833333	-3.102547712
2025.916667	1.932452288
2026	-5.268547712
2026.083333	0.811452288
2026.166667	6.145452288
2026.25	3.102452288
2026.333333	2.995452288
2026.416667	4.627452288
