1950	-3.65
1950.083333	-1.69
1950.166667	-0.06
1950.25	-0.23
1950.333333	-0.4
1950.416667	-1.99
1950.5	-0.82
1950.583333	0.79
1950.666667	-1
1950.75	0.7
1950.833333	-1.74
1950.916667	-0.28
1951	-1.18
1951.083333	-2.11
1951.166667	-1.09
1951.25	0.47
1951.333333	1.19
1951.416667	-0.54
1951.5	-0.44
1951.583333	0.02
1951.666667	-0.08
1951.75	0.43
1951.833333	0.21
1951.916667	-1.59
1952	-3.19
1952.083333	0.08
1952.166667	-0.69
1952.25	0.89
1952.333333	-0.79
1952.416667	0.53
1952.5	-1.57
1952.583333	0.77
1952.666667	0.4
1952.75	1.05
1952.833333	0.77
1952.916667	0.63
1953	0.18
1953.083333	1.04
1953.166667	-0.44
1953.25	0.78
1953.333333	1.14
1953.416667	-1.6
1953.5	0.27
1953.583333	-1.15
1953.666667	-0.14
1953.75	2.27
1953.833333	1.57
1953.916667	0.96
1954	-2.11
1954.083333	-0.48
1954.166667	-1.44
1954.25	-2.86
1954.333333	0.65
1954.416667	0.09
1954.5	-0.14
1954.583333	-0.11
1954.666667	-0.04
1954.75	0.99
1954.833333	1.38
1954.916667	-0.82
1955	-0.14
1955.083333	-2.62
1955.166667	-2.47
1955.25	-0.24
1955.333333	-0.42
1955.416667	0.11
1955.5	-1.32
1955.583333	-0.55
1955.666667	-0.22
1955.75	0.51
1955.833333	-0.93
1955.916667	-2.37
1956	-2.34
1956.083333	-1.69
1956.166667	-0.97
1956.25	-0.17
1956.333333	-0.17
1956.416667	-0.08
1956.5	-1.28
1956.583333	-0.23
1956.666667	0.42
1956.75	-2.16
1956.833333	1
1956.916667	-0.61
1957	-2.18
1957.083333	-1.89
1957.166667	0.78
1957.25	-0.41
1957.333333	1.24
1957.416667	0.24
1957.5	-0.11
1957.583333	-0.99
1957.666667	-0.22
1957.75	0.46
1957.833333	0.49
1957.916667	-0.73
1958	0.62
1958.083333	0.36
1958.166667	0.18
1958.25	0.31
1958.333333	0.66
1958.416667	1.48
1958.5	0.74
1958.583333	2.13
1958.666667	-0.05
1958.75	0.34
1958.833333	0.08
1958.916667	0.35
1959	-1.54
1959.083333	-1.23
1959.166667	0.21
1959.25	-0.9
1959.333333	-0.3
1959.416667	1.08
1959.5	-0.45
1959.583333	1.03
1959.666667	1.19
1959.75	0.23
1959.833333	0.26
1959.916667	0.36
1960	-0.16
1960.083333	-0.22
1960.166667	-0.69
1960.25	-0.07
1960.333333	0.99
1960.416667	1.2
1960.5	1.11
1960.583333	1.85
1960.666667	-0.01
1960.75	0.48
1960.833333	-0.52
1960.916667	1.15
1961	1.16
1961.083333	0.17
1961.166667	0.28
1961.25	-1.14
1961.333333	-0.25
1961.416667	1.84
1961.5	-0.52
1961.583333	0.47
1961.666667	1.1
1961.75	-1.94
1961.833333	-0.4
1961.916667	-1.54
1962	-0.74
1962.083333	-0.54
1962.166667	-0.71
1962.25	-1.5
1962.333333	-1.11
1962.416667	-0.97
1962.5	-0.36
1962.583333	0.57
1962.666667	-0.83
1962.75	1.33
1962.833333	0.53
1962.916667	-0.38
1963	0.09
1963.083333	0.79
1963.166667	-2.04
1963.25	-0.79
1963.333333	-0.95
1963.416667	0.5
1963.5	-1.1
1963.583333	-1.01
1963.666667	0.87
1963.75	0.93
1963.833333	-0.31
1963.916667	1.46
1964	-0.44
1964.083333	1.36
1964.166667	-1.31
1964.25	-1.3
1964.333333	-2.27
1964.416667	0.27
1964.5	0.2
1964.583333	0.83
1964.666667	0.92
1964.75	0.8
1964.833333	-0.78
1964.916667	-2.03
1965	-0.92
1965.083333	-1.03
1965.166667	-0.8
1965.25	-1.07
1965.333333	-0.42
1965.416667	1.89
1965.5	-1.26
1965.583333	0.32
1965.666667	0.36
1965.75	1.42
1965.833333	-0.81
1965.916667	-1.56
1966	-0.15
1966.083333	-2.05
1966.166667	0.43
1966.25	-0.54
1966.333333	-0.15
1966.416667	0.1
1966.5	-1.18
1966.583333	1.26
1966.666667	0.63
1966.75	-0.61
1966.833333	-1.96
1966.916667	-0.21
1967	-1.16
1967.083333	-0.2
1967.166667	-2.25
1967.25	-1.91
1967.333333	-0.8
1967.416667	-0.33
1967.5	-1.24
1967.583333	-0.35
1967.666667	0.11
1967.75	1.1
1967.833333	-0.35
1967.916667	-1.12
1968	-1.78
1968.083333	1.11
1968.166667	0.13
1968.25	-1.11
1968.333333	0.23
1968.416667	-0.08
1968.5	-0.04
1968.583333	1.3
1968.666667	-0.87
1968.75	0.45
1968.833333	0.83
1968.916667	-1.74
1969	-2.96
1969.083333	-1.97
1969.166667	0.47
1969.25	0.48
1969.333333	1.02
1969.416667	2.11
1969.5	0.51
1969.583333	-0.69
1969.666667	1.31
1969.75	0.55
1969.833333	0.13
1969.916667	1.53
1970	0.12
1970.083333	1.01
1970.166667	0.49
1970.25	-0.66
1970.333333	-0.5
1970.416667	0.23
1970.5	0.74
1970.583333	-0.6
1970.666667	-0.39
1970.75	-0.95
1970.833333	-1.15
1970.916667	-1.09
1971	-2.43
1971.083333	-0.16
1971.166667	-0.28
1971.25	0.23
1971.333333	1.09
1971.416667	0.51
1971.5	-1.74
1971.583333	-0.81
1971.666667	0.15
1971.75	-1.35
1971.833333	-0.26
1971.916667	-1.76
1972	-2.46
1972.083333	-2.27
1972.166667	-0.1
1972.25	-1.95
1972.333333	0.21
1972.416667	-0.15
1972.5	-1.13
1972.583333	-0.04
1972.666667	0.13
1972.75	-1.49
1972.833333	0.53
1972.916667	-0.86
1973	-0.88
1973.083333	-0.14
1973.166667	0.53
1973.25	0.11
1973.333333	0.67
1973.416667	1.01
1973.5	-0.26
1973.583333	-0.95
1973.666667	-0.27
1973.75	-0.74
1973.833333	-1.66
1973.916667	0.23
1974	-1.54
1974.083333	-1.5
1974.166667	-1.1
1974.25	-0.73
1974.333333	-0.4
1974.416667	-1.36
1974.5	-0.09
1974.583333	0.9
1974.666667	0.35
1974.75	0.93
1974.833333	0.53
1974.916667	0.38
1975	-1.2
1975.083333	-0.51
1975.166667	-0.81
1975.25	-0.67
1975.333333	0.6
1975.416667	-0.31
1975.5	-1.53
1975.583333	-1.1
1975.666667	-0.23
1975.75	-0.65
1975.833333	-0.63
1975.916667	-0.16
1976	-0.25
1976.083333	-2.38
1976.166667	-1.78
1976.25	0.92
1976.333333	0.58
1976.416667	-1.32
1976.5	-0.12
1976.583333	-0.62
1976.666667	-0.04
1976.75	0.91
1976.833333	1.72
1976.916667	0.21
1977	1.6
1977.083333	2.43
1977.166667	-0.69
1977.25	-0.32
1977.333333	-0.56
1977.416667	0.57
1977.5	-1.04
1977.583333	2.2
1977.666667	-0.72
1977.75	1.25
1977.833333	-0.22
1977.916667	-0.8
1978	0.13
1978.083333	1.4
1978.166667	-0.18
1978.25	-0.19
1978.333333	-0.73
1978.416667	-0.92
1978.5	-2.43
1978.583333	0.02
1978.666667	1.38
1978.75	0.69
1978.833333	-0.48
1978.916667	-1.02
1979	-1.54
1979.083333	-2.73
1979.166667	0.08
1979.25	-0.15
1979.333333	1.27
1979.416667	-1.64
1979.5	0.51
1979.583333	0.67
1979.666667	1.02
1979.75	1.85
1979.833333	0.51
1979.916667	-0.68
1980	-1.01
1980.083333	2.03
1980.166667	-0.64
1980.25	1.66
1980.333333	-0.16
1980.416667	-0.81
1980.5	-0.81
1980.583333	-2.03
1980.666667	-0.08
1980.75	2.87
1980.833333	1.28
1980.916667	-0.57
1981	2.46
1981.083333	0.21
1981.166667	1.27
1981.25	-1.23
1981.333333	1.83
1981.416667	-0.1
1981.5	-1.02
1981.583333	-1.54
1981.666667	0.08
1981.75	-1.43
1981.833333	1.19
1981.916667	-0.42
1982	-1.75
1982.083333	-1.2
1982.166667	-1.66
1982.25	-2.08
1982.333333	-0.53
1982.416667	2.17
1982.5	0.49
1982.583333	0.31
1982.666667	0.83
1982.75	-0.86
1982.833333	-0.47
1982.916667	0.45
1983	0.87
1983.083333	1.44
1983.166667	2.03
1983.25	0.98
1983.333333	-0.08
1983.416667	2.1
1983.5	0.82
1983.583333	0.5
1983.666667	-1.37
1983.75	0.26
1983.833333	1.75
1983.916667	-0.61
1984	0.6
1984.083333	0.73
1984.166667	1.08
1984.25	1.41
1984.333333	0.37
1984.416667	-0.36
1984.5	-2.61
1984.583333	-1.14
1984.666667	-0.02
1984.75	-0.53
1984.833333	0.39
1984.916667	-1.9
1985	1.44
1985.083333	-0.99
1985.166667	-1.19
1985.25	-1.27
1985.333333	-0.82
1985.416667	1.28
1985.5	-0.19
1985.583333	-0.53
1985.666667	-0.63
1985.75	-1.5
1985.833333	-1.83
1985.916667	1.08
1986	0.6
1986.083333	0.41
1986.166667	0.51
1986.25	-0.15
1986.333333	-0.03
1986.416667	0.39
1986.5	-0.35
1986.583333	-1.49
1986.666667	-0.28
1986.75	1.18
1986.833333	-0.71
1986.916667	1.06
1987	0.63
1987.083333	0.57
1987.166667	0.85
1987.25	1.54
1987.333333	-1.02
1987.416667	0.56
1987.5	-0.43
1987.583333	0.74
1987.666667	-2.6
1987.75	0.75
1987.833333	1.19
1987.916667	0.5
1988	0.03
1988.083333	1.37
1988.166667	0.38
1988.25	1.12
1988.333333	0.61
1988.416667	1.31
1988.5	1.6
1988.583333	-0.62
1988.666667	-0.97
1988.75	0.89
1988.833333	0.11
1988.916667	0.33
1989	-1.57
1989.083333	-1.71
1989.166667	-1.56
1989.25	-0.77
1989.333333	-0.04
1989.416667	-0.56
1989.5	-0.59
1989.583333	-0.27
1989.666667	0.41
1989.75	-1.08
1989.833333	-0.7
1989.916667	0.57
1990	-1.09
1990.083333	-2.78
1990.166667	0.04
1990.25	-0.62
1990.333333	0.27
1990.416667	-1.39
1990.5	-0.26
1990.583333	1.76
1990.666667	-0.46
1990.75	-0.91
1990.833333	-1.66
1990.916667	-1.62
1991	0.2
1991.083333	1.13
1991.166667	-1.21
1991.25	0.38
1991.333333	-0.63
1991.416667	-0.92
1991.5	0.28
1991.583333	-0.28
1991.666667	1.15
1991.75	-2.35
1991.833333	0.22
1991.916667	0.17
1992	0.99
1992.083333	0.09
1992.166667	0.46
1992.25	-0.29
1992.333333	1.2
1992.416667	1.36
1992.5	0.38
1992.583333	-0.37
1992.666667	-1.13
1992.75	0.4
1992.833333	0.8
1992.916667	-1.53
1993	-1.48
1993.083333	0.44
1993.166667	0.94
1993.25	1.26
1993.333333	2.43
1993.416667	0.66
1993.5	-0.28
1993.583333	-0.17
1993.666667	-0.97
1993.75	-0.17
1993.833333	-0.35
1993.916667	0.42
1994	-0.8
1994.083333	-1.27
1994.166667	0.23
1994.25	-0.7
1994.333333	0.48
1994.416667	-1.36
1994.5	-0.06
1994.583333	-1.38
1994.666667	-2.02
1994.75	-0.09
1994.833333	-1.61
1994.916667	0.39
1995	0.2
1995.083333	0.68
1995.166667	0.03
1995.25	0.04
1995.333333	0.09
1995.416667	0.9
1995.5	-0.74
1995.583333	-0.33
1995.666667	1.22
1995.75	0.11
1995.833333	-0.73
1995.916667	0.62
1996	-0.68
1996.083333	-0.7
1996.166667	-0.75
1996.25	0.51
1996.333333	0.37
1996.416667	-1.18
1996.5	0.18
1996.583333	-0.93
1996.666667	-0.27
1996.75	-0.67
1996.833333	-0.44
1996.916667	-1.53
1997	0.16
1997.083333	0.45
1997.166667	-1.56
1997.25	0.29
1997.333333	0.77
1997.416667	-0.25
1997.5	0.1
1997.583333	-0.55
1997.666667	0.22
1997.75	-0.12
1997.833333	0.86
1997.916667	0.85
1998	0.3
1998.083333	0.89
1998.166667	0.69
1998.25	0.85
1998.333333	-1.87
1998.416667	0.09
1998.5	1.67
1998.583333	-0.6
1998.666667	0.42
1998.75	0.77
1998.833333	0.7
1998.916667	-0.39
1999	-0.44
1999.083333	-0.46
1999.166667	0.38
1999.25	0.05
1999.333333	-0.05
1999.416667	0.43
1999.5	-0.92
1999.583333	1.95
1999.666667	0.33
1999.75	0.62
1999.833333	0.45
1999.916667	-0.09
2000	-1.7
2000.083333	1.2
2000.166667	0.95
2000.25	-0.58
2000.333333	-0.16
2000.416667	-1.19
2000.5	-2.55
2000.583333	-0.51
2000.666667	-1.21
2000.75	0.44
2000.833333	0.7
2000.916667	0.92
2001	1.29
2001.083333	-0.51
2001.166667	0.39
2001.25	-0.7
2001.333333	-0.01
2001.416667	-0.89
2001.5	-0.36
2001.583333	-0.14
2001.666667	0.04
2001.75	-0.08
2001.833333	1.03
2001.916667	0.26
2002	-0.7
2002.083333	-0.11
2002.166667	-1.56
2002.25	-2.4
2002.333333	-0.56
2002.416667	0.06
2002.5	0.4
2002.583333	0.61
2002.666667	0.6
2002.75	-0.55
2002.833333	1.46
2002.916667	1.28
2003	1.01
2003.083333	0.68
2003.166667	-0.36
2003.25	-0.1
2003.333333	-1.85
2003.416667	-0.53
2003.5	0.73
2003.583333	-0.31
2003.666667	0.59
2003.75	1.23
2003.833333	-1.65
2003.916667	0.56
2004	-0.12
2004.083333	1.12
2004.166667	0
2004.25	0.25
2004.333333	-1.46
2004.416667	-0.28
2004.5	-0.33
2004.583333	1.52
2004.666667	-0.11
2004.75	-1.37
2004.833333	0.29
2004.916667	-0.04
2005	-0.62
2005.083333	-0.11
2005.166667	0.56
2005.25	1
2005.333333	1.62
2005.416667	0.42
2005.5	-0.02
2005.583333	0.69
2005.666667	1.32
2005.75	1.16
2005.833333	-0.74
2005.916667	1.07
2006	-0.1
2006.083333	-0.44
2006.166667	-0.56
2006.25	0.2
2006.333333	-1.03
2006.416667	-1.02
2006.5	1.29
2006.583333	-1.45
2006.666667	0.31
2006.75	-0.76
2006.833333	-1.34
2006.916667	1.55
2007	0.27
2007.083333	-0.42
2007.166667	-0.12
2007.25	0.97
2007.333333	0.03
2007.416667	-0.3
2007.5	1.65
2007.583333	1.96
2007.666667	1.52
2007.75	0.77
2007.833333	0.65
2007.916667	-0.16
2008	-1.06
2008.083333	0.37
2008.166667	-0.61
2008.25	-1.18
2008.333333	1.25
2008.416667	-1.76
2008.5	-0.51
2008.583333	0.89
2008.666667	0.89
2008.75	1.11
2008.833333	1.05
2008.916667	-1.71
2009	0.13
2009.083333	-1.57
2009.166667	-1.29
2009.25	-0.04
2009.333333	-0.43
2009.416667	0.48
2009.5	0.72
2009.583333	0.62
2009.666667	1.03
2009.75	0.64
2009.833333	0.19
2009.916667	0.04
2010	0.96
2010.083333	0.48
2010.166667	1.68
2010.25	1.26
2010.333333	-0.73
2010.416667	-0.1
2010.5	0.89
2010.583333	1.07
2010.666667	1.07
2010.75	2.15
2010.833333	-0.81
2010.916667	-2.08
2011	1
2011.083333	-2.41
2011.166667	0.38
2011.25	-1.78
2011.333333	0.25
2011.416667	0.35
2011.5	-0.75
2011.583333	1.4
2011.666667	-0.39
2011.75	0.86
2011.833333	-0.76
2011.916667	0.06
2012	0.13
2012.083333	0.7
2012.166667	-0.19
2012.25	-0.09
2012.333333	-0.29
2012.416667	-0.42
2012.5	-0.57
2012.583333	-0.2
2012.666667	-0.39
2012.75	-1.13
2012.833333	-1.06
2012.916667	-1.31
2013	0.05
2013.083333	0.3
2013.166667	-0.26
2013.25	-1.76
2013.333333	-0.24
2013.416667	-0.35
2013.5	-0.71
2013.583333	-0.06
2013.666667	0.41
2013.75	-0.21
2013.833333	-1.14
2013.916667	-1.16
2014	0.59
2014.083333	-1.57
2014.166667	-0.5
2014.25	0
2014.333333	-0.59
2014.416667	-1.44
2014.5	0.5
2014.583333	1.35
2014.666667	0.78
2014.75	1.14
2014.833333	0.64
2014.916667	0.37
2015	0.14
2015.083333	0.49
2015.166667	-0.52
2015.25	-0.39
2015.333333	-0.05
2015.416667	-0.07
2015.5	0.29
2015.583333	0.05
2015.666667	-0.8
2015.75	2.12
2015.833333	-0.2
2015.916667	0.47
2016	1.94
2016.083333	1.68
2016.166667	0.41
2016.25	0.6
2016.333333	-0.85
2016.416667	-0.64
2016.5	0.53
2016.583333	-0.91
2016.666667	0.11
2016.75	1.53
2016.833333	1.44
2016.916667	-0.65
2017	-0.29
2017.083333	-0.05
2017.166667	-0.03
2017.25	0.14
2017.333333	-0.19
2017.416667	1.18
2017.5	1.33
2017.583333	0.2
2017.666667	-0.32
2017.75	-0.28
2017.833333	-1.98
2017.916667	0.58
2018	-0.14
2018.083333	-1.67
2018.166667	-1.16
2018.25	-1.12
2018.333333	-1.09
2018.416667	0.66
2018.5	-0.76
2018.583333	1.24
2018.666667	1.16
2018.75	0.39
2018.833333	0.22
2018.916667	0.56
2019	0.42
2019.083333	-1.73
2019.166667	-0.05
2019.25	-0.84
2019.333333	-0.17
2019.416667	0.24
2019.5	0.62
2019.583333	1.16
2019.666667	1.62
2019.75	-0.97
2019.833333	-0.07
2019.916667	-0.12
2020	-0.95
2020.083333	-0.07
2020.166667	-2.41
2020.25	-1.38
2020.333333	0.27
2020.416667	0.86
2020.5	1.2
2020.583333	1.8
2020.666667	0.59
2020.75	-1.08
2020.833333	0.21
2020.916667	1.28
2021	-0.41
2021.083333	-0.71
2021.166667	-1.24
2021.25	-1.26
2021.333333	-1.1
2021.416667	0.82
2021.5	0.11
2021.583333	0.93
2021.666667	0.33
2021.75	1.41
2021.833333	0.68
2021.916667	-2.85
2022	0.65
2022.083333	0.58
2022.166667	-0.16
2022.25	-0.96
2022.333333	-0.64
2022.416667	-0.22
2022.5	1.96
2022.583333	0.76
2022.666667	0.13
2022.75	0.35
2022.833333	-0.71
2022.916667	-0.96
2023	-0.37
2023.083333	-1.15
2023.166667	-1.89
2023.25	-0.65
2023.333333	-0.67
2023.416667	0.84
2023.5	0.65
2023.583333	0.42
2023.666667	0.84
2023.75	1.49
2023.833333	0.51
2023.916667	0.91
2024	-0.08
2024.083333	-0.18
2024.166667	0.15
2024.25	-0.88
2024.333333	-2.33
2024.416667	1.14
2024.5	2.01
2024.583333	-1.04
2024.666667	1.08
2024.75	0.2
2024.833333	0.05
2024.916667	1.39
2025	0.7
2025.083333	1.59
2025.166667	-0.39
2025.25	-1.08
2025.333333	-1.38
2025.416667	-1.07
2025.5	0.27
2025.583333	-0.39
2025.666667	0.63
2025.75	1.73
2025.833333	0.74
2025.916667	-1.71
2026	0.36
2026.083333	-1.04
2026.166667	-1.99
2026.25	-1.46
2026.333333	-1.03
