1880 -0.493
1880.083333 -0.482
1880.166667 -0.665
1880.250000 -0.605
1880.333333 -0.621
1880.416667 -0.475
1880.500000 -0.307
1880.583333 -0.165
1880.666667 0.134
1880.750000 0.382
1880.833333 0.544
1880.916667 0.415
1881 0.376
1881.083333 0.338
1881.166667 0.393
1881.250000 0.637
1881.333333 0.573
1881.416667 0.469
1881.500000 0.109
1881.583333 0.027
1881.666667 0.073
1881.750000 0.049
1881.833333 0.006
1881.916667 -0.083
1882 -0.292
1882.083333 -0.525
1882.166667 -0.372
1882.250000 0.141
1882.333333 0.112
1882.416667 -0.173
1882.500000 -0.415
1882.583333 -0.163
1882.666667 -0.218
1882.750000 -0.225
1882.833333 -0.407
1882.916667 -0.309
1883 -0.130
1883.083333 -0.293
1883.166667 -0.323
1883.250000 -0.069
1883.333333 -0.188
1883.416667 0.060
1883.500000 0.174
1883.583333 -0.093
1883.666667 -0.055
1883.750000 -0.014
1883.833333 0.136
1883.916667 0.001
1884 -0.076
1884.083333 -0.134
1884.166667 0.226
1884.250000 0.518
1884.333333 0.747
1884.416667 0.238
1884.500000 0.579
1884.583333 0.538
1884.666667 0.577
1884.750000 0.705
1884.833333 0.782
1884.916667 0.890
1885 0.749
1885.083333 0.693
1885.166667 0.636
1885.250000 0.430
1885.333333 0.626
1885.416667 0.498
1885.500000 0.363
1885.583333 0.608
1885.666667 0.799
1885.750000 0.973
1885.833333 0.997
1885.916667 1.116
1886 0.425
1886.083333 0.323
1886.166667 0.219
1886.250000 0.165
1886.333333 -0.677
1886.416667 -0.848
1886.500000 -0.669
1886.583333 -0.759
1886.666667 -0.771
1886.750000 -0.661
1886.833333 -0.739
1886.916667 -0.843
1887 -0.648
1887.083333 -0.463
1887.166667 -0.696
1887.250000 -0.724
1887.333333 -0.595
1887.416667 -0.227
1887.500000 -0.376
1887.583333 -0.515
1887.666667 -0.275
1887.750000 0.026
1887.833333 0.310
1887.916667 0.285
1888 0.402
1888.083333 0.941
1888.166667 0.821
1888.250000 0.862
1888.333333 0.926
1888.416667 1.002
1888.500000 0.939
1888.583333 0.895
1888.666667 1.105
1888.750000 1.740
1888.833333 2.087
1888.916667 1.974
1889 1.728
1889.083333 1.241
1889.166667 0.957
1889.250000 0.885
1889.333333 0.770
1889.416667 0.103
1889.500000 -0.057
1889.583333 -0.401
1889.666667 -0.487
1889.750000 -0.887
1889.833333 -0.636
1889.916667 -0.796
1890 -1.570
1890.083333 -1.294
1890.166667 -0.485
1890.250000 -0.500
1890.333333 -0.572
1890.416667 -0.731
1890.500000 -0.632
1890.583333 -0.825
1890.666667 -0.806
1890.750000 -0.829
1890.833333 -0.652
1890.916667 -0.281
1891 -0.090
1891.083333 -0.029
1891.166667 0.236
1891.250000 0.415
1891.333333 0.388
1891.416667 0.415
1891.500000 0.388
1891.583333 0.147
1891.666667 -0.025
1891.750000 0.108
1891.833333 0.195
1891.916667 0.151
1892 -0.197
1892.083333 -0.258
1892.166667 -0.374
1892.250000 -0.375
1892.333333 -0.466
1892.416667 -0.317
1892.500000 -0.264
1892.583333 -0.527
1892.666667 -0.974
1892.750000 -1.318
1892.833333 -1.181
1892.916667 -0.856
1893 -0.791
1893.083333 -0.824
1893.166667 -1.007
1893.250000 -1.002
1893.333333 -1.196
1893.416667 -1.266
1893.500000 -1.532
1893.583333 -1.502
1893.666667 -1.310
1893.750000 -1.304
1893.833333 -0.996
1893.916667 -0.953
1894 -0.825
1894.083333 -0.858
1894.166667 -0.805
1894.250000 -0.746
1894.333333 -0.799
1894.416667 -0.663
1894.500000 -0.703
1894.583333 -0.755
1894.666667 -1.015
1894.750000 -0.846
1894.833333 -0.714
1894.916667 -0.268
1895 -0.282
1895.083333 -0.141
1895.166667 -0.050
1895.250000 -0.015
1895.333333 -0.054
1895.416667 -0.072
1895.500000 0.019
1895.583333 0.552
1895.666667 0.487
1895.750000 0.589
1895.833333 0.630
1895.916667 0.620
1896 0.450
1896.083333 0.272
1896.166667 0.124
1896.250000 0.025
1896.333333 0.061
1896.416667 0.151
1896.500000 0.707
1896.583333 1.168
1896.666667 1.236
1896.750000 1.170
1896.833333 1.395
1896.916667 1.324
1897 1.343
1897.083333 1.135
1897.166667 0.670
1897.250000 0.347
1897.333333 0.414
1897.416667 0.513
1897.500000 0.508
1897.583333 0.348
1897.666667 0.244
1897.750000 0.190
1897.833333 -0.038
1897.916667 -0.294
1898 -0.446
1898.083333 -0.400
1898.166667 -0.284
1898.250000 -0.180
1898.333333 -0.223
1898.416667 -0.154
1898.500000 -0.304
1898.583333 -0.423
1898.666667 -0.256
1898.750000 -0.226
1898.833333 -0.147
1898.916667 -0.179
1899 -0.318
1899.083333 -0.454
1899.166667 -0.263
1899.250000 -0.108
1899.333333 0.131
1899.416667 0.237
1899.500000 0.052
1899.583333 0.878
1899.666667 0.815
1899.750000 0.900
1899.833333 1.436
1899.916667 1.663
1900 1.551
1900.083333 1.366
1900.166667 1.249
1900.250000 0.996
1900.333333 0.855
1900.416667 0.977
1900.500000 1.019
1900.583333 0.896
1900.666667 0.738
1900.750000 0.607
1900.833333 0.435
1900.916667 1.126
1901 0.905
1901.083333 0.625
1901.166667 0.452
1901.250000 0.205
1901.333333 0.030
1901.416667 -0.013
1901.500000 0.193
1901.583333 0.179
1901.666667 0.026
1901.750000 0.224
1901.833333 0.353
1901.916667 0.414
1902 0.275
1902.083333 0.433
1902.166667 0.405
1902.250000 1.114
1902.333333 1.062
1902.416667 1.466
1902.500000 1.807
1902.583333 1.499
1902.666667 1.380
1902.750000 1.621
1902.833333 1.633
1902.916667 1.282
1903 1.269
1903.083333 0.885
1903.166667 1.015
1903.250000 0.537
1903.333333 0.409
1903.416667 0.722
1903.500000 0.348
1903.583333 0.465
1903.666667 0.318
1903.750000 -0.146
1903.833333 -0.338
1903.916667 -0.176
1904 -0.343
1904.083333 -0.368
1904.166667 -0.227
1904.250000 -0.151
1904.333333 0.047
1904.416667 0.530
1904.500000 0.863
1904.583333 1.045
1904.666667 0.642
1904.750000 1.004
1904.833333 0.713
1904.916667 1.311
1905 1.126
1905.083333 1.209
1905.166667 1.486
1905.250000 0.985
1905.333333 1.520
1905.416667 1.173
1905.500000 1.228
1905.583333 1.698
1905.666667 1.573
1905.750000 1.249
1905.833333 1.399
1905.916667 1.167
1906 1.089
1906.083333 1.041
1906.166667 1.278
1906.250000 1.055
1906.333333 0.703
1906.416667 0.480
1906.500000 -0.140
1906.583333 -0.208
1906.666667 -0.881
1906.750000 -0.586
1906.833333 0.323
1906.916667 -0.062
1907 -0.390
1907.083333 -0.028
1907.166667 -0.166
1907.250000 -0.284
1907.333333 -0.057
1907.416667 0.217
1907.500000 0.069
1907.583333 -0.179
1907.666667 0.230
1907.750000 0.048
1907.833333 0.089
1907.916667 0.150
1908 0.044
1908.083333 0.320
1908.166667 0.160
1908.250000 -0.115
1908.333333 0.052
1908.416667 0.179
1908.500000 -0.235
1908.583333 -0.501
1908.666667 -0.370
1908.750000 -0.373
1908.833333 -0.679
1908.916667 -0.606
1909 0.240
1909.083333 -0.485
1909.166667 -0.064
1909.250000 -0.489
1909.333333 -0.049
1909.416667 -0.694
1909.500000 -0.579
1909.583333 -0.940
1909.666667 -1.055
1909.750000 -1.217
1909.833333 -1.334
1909.916667 -0.933
1910 -1.067
1910.083333 -0.505
1910.166667 -0.540
1910.250000 -0.772
1910.333333 -1.080
1910.416667 -1.051
1910.500000 -0.695
1910.583333 -0.895
1910.666667 -1.229
1910.750000 -0.973
1910.833333 -0.518
1910.916667 -0.370
1911 -0.260
1911.083333 -0.283
1911.166667 -0.370
1911.250000 -0.680
1911.333333 -0.815
1911.416667 -0.502
1911.500000 -0.138
1911.583333 -0.292
1911.666667 0.126
1911.750000 0.128
1911.833333 0.920
1911.916667 1.141
1912 1.272
1912.083333 0.897
1912.166667 0.687
1912.250000 0.767
1912.333333 0.274
1912.416667 0.245
1912.500000 0.280
1912.583333 0.131
1912.666667 0.343
1912.750000 0.024
1912.833333 0.375
1912.916667 -0.082
1913 0.023
1913.083333 0.757
1913.166667 0.571
1913.250000 -0.483
1913.333333 -0.088
1913.416667 0.320
1913.500000 0.167
1913.583333 0.153
1913.666667 0.224
1913.750000 0.563
1913.833333 0.918
1913.916667 0.951
1914 0.942
1914.083333 0.881
1914.166667 0.735
1914.250000 0.895
1914.333333 0.269
1914.416667 0.148
1914.500000 0.276
1914.583333 0.864
1914.666667 0.672
1914.750000 0.221
1914.833333 0.291
1914.916667 0.810
1915 1.057
1915.083333 0.922
1915.166667 0.982
1915.250000 0.878
1915.333333 0.915
1915.416667 1.319
1915.500000 0.361
1915.583333 0.013
1915.666667 -0.113
1915.750000 -0.049
1915.833333 -0.179
1915.916667 -0.056
1916 0.119
1916.083333 -0.362
1916.166667 -0.199
1916.250000 -0.248
1916.333333 -0.014
1916.416667 -0.122
1916.500000 -0.970
1916.583333 -1.416
1916.666667 -1.409
1916.750000 -1.302
1916.833333 -1.503
1916.916667 -1.185
1917 -1.087
1917.083333 -0.829
1917.166667 -0.597
1917.250000 -0.466
1917.333333 -0.493
1917.416667 -0.353
1917.500000 -0.069
1917.583333 -0.166
1917.666667 -0.400
1917.750000 -0.291
1917.833333 -0.435
1917.916667 -0.598
1918 -0.528
1918.083333 -0.499
1918.166667 -0.464
1918.250000 -0.255
1918.333333 0.145
1918.416667 0.744
1918.500000 0.529
1918.583333 0.673
1918.666667 0.905
1918.750000 1.350
1918.833333 1.426
1918.916667 1.470
1919 1.684
1919.083333 1.116
1919.166667 0.851
1919.250000 0.872
1919.333333 1.016
1919.416667 0.914
1919.500000 0.783
1919.583333 0.852
1919.666667 0.736
1919.750000 0.449
1919.833333 0.026
1919.916667 0.705
1920 0.882
1920.083333 0.676
1920.166667 0.406
1920.250000 0.128
1920.333333 0.350
1920.416667 0.306
1920.500000 0.162
1920.583333 0.027
1920.666667 -0.103
1920.750000 -0.096
1920.833333 -0.114
1920.916667 0.050
1921 0.308
1921.083333 -0.117
1921.166667 -0.767
1921.250000 -0.199
1921.333333 -0.575
1921.416667 -0.361
1921.500000 -0.438
1921.583333 -0.235
1921.666667 -0.371
1921.750000 -0.168
1921.833333 -0.538
1921.916667 -0.106
1922 -0.185
1922.083333 0.170
1922.166667 0.308
1922.250000 0.028
1922.333333 0.281
1922.416667 -0.385
1922.500000 -0.250
1922.583333 -0.584
1922.666667 -0.266
1922.750000 -0.239
1922.833333 -0.284
1922.916667 -0.415
1923 -0.129
1923.083333 -0.175
1923.166667 -0.250
1923.250000 0.129
1923.333333 0.044
1923.416667 0.142
1923.500000 0.166
1923.583333 0.302
1923.666667 0.541
1923.750000 0.859
1923.833333 1.009
1923.916667 0.660
1924 -0.009
1924.083333 0.418
1924.166667 0.071
1924.250000 -0.111
1924.333333 -0.615
1924.416667 -0.352
1924.500000 -0.635
1924.583333 -0.780
1924.666667 -0.600
1924.750000 -0.369
1924.833333 -0.577
1924.916667 -0.184
1925 -0.522
1925.083333 0.136
1925.166667 0.076
1925.250000 0.253
1925.333333 -0.101
1925.416667 -0.261
1925.500000 0.511
1925.583333 0.577
1925.666667 0.807
1925.750000 0.999
1925.833333 1.336
1925.916667 1.576
1926 1.528
1926.083333 1.575
1926.166667 1.537
1926.250000 1.200
1926.333333 1.170
1926.416667 1.000
1926.500000 0.796
1926.583333 0.264
1926.666667 0.159
1926.750000 -0.049
1926.833333 0.363
1926.916667 0.559
1927 0.700
1927.083333 0.765
1927.166667 0.288
1927.250000 0.361
1927.333333 -0.250
1927.416667 0.189
1927.500000 -0.264
1927.583333 -0.174
1927.666667 -0.014
1927.750000 0.145
1927.833333 0.158
1927.916667 0.336
1928 0.743
1928.083333 0.562
1928.166667 0.287
1928.250000 0.258
1928.333333 0.333
1928.416667 0.097
1928.500000 0.134
1928.583333 -0.066
1928.666667 -0.244
1928.750000 -0.109
1928.833333 0.001
1928.916667 -0.080
1929 -0.154
1929.083333 0.001
1929.166667 0.050
1929.250000 0.217
1929.333333 0.258
1929.416667 0.206
1929.500000 0.318
1929.583333 0.270
1929.666667 0.592
1929.750000 0.369
1929.833333 0.367
1929.916667 0.810
1930 0.510
1930.083333 0.470
1930.166667 0.569
1930.250000 0.528
1930.333333 0.031
1930.416667 0.543
1930.500000 0.676
1930.583333 0.815
1930.666667 1.193
1930.750000 1.357
1930.833333 1.755
1930.916667 1.646
1931 1.580
1931.083333 1.950
1931.166667 1.636
1931.250000 1.363
1931.333333 0.917
1931.416667 0.835
1931.500000 0.753
1931.583333 0.390
1931.666667 0.119
1931.750000 0.282
1931.833333 0.046
1931.916667 -0.009
1932 -0.045
1932.083333 0.168
1932.166667 0.501
1932.250000 0.562
1932.333333 0.384
1932.416667 0.442
1932.500000 0.211
1932.583333 0.447
1932.666667 0.095
1932.750000 0.220
1932.833333 0.164
1932.916667 0.040
1933 -0.029
1933.083333 -0.087
1933.166667 -0.116
1933.250000 -0.012
1933.333333 -0.344
1933.416667 -0.737
1933.500000 -0.827
1933.583333 -0.939
1933.666667 -0.848
1933.750000 -0.955
1933.833333 -0.540
1933.916667 -0.699
1934 -0.298
1934.083333 -0.243
1934.166667 -0.037
1934.250000 0.306
1934.333333 -0.028
1934.416667 -0.095
1934.500000 -0.393
1934.583333 -0.078
1934.666667 0.039
1934.750000 0.152
1934.833333 0.368
1934.916667 0.067
1935 -0.259
1935.083333 -0.287
1935.166667 -0.109
1935.250000 -0.070
1935.333333 -0.033
1935.416667 0.026
1935.500000 -0.372
1935.583333 0.298
1935.666667 0.271
1935.750000 0.330
1935.833333 0.607
1935.916667 0.388
1936 0.777
1936.083333 0.671
1936.166667 0.404
1936.250000 0.739
1936.333333 0.631
1936.416667 0.214
1936.500000 0.424
1936.583333 -0.032
1936.666667 -0.021
1936.750000 0.608
1936.833333 0.403
1936.916667 0.949
1937 0.130
1937.083333 0.523
1937.166667 0.518
1937.250000 0.239
1937.333333 -0.249
1937.416667 0.141
1937.500000 0.258
1937.583333 -0.303
1937.666667 0.205
1937.750000 -0.071
1937.833333 0.280
1937.916667 0.151
1938 -0.301
1938.083333 -0.234
1938.166667 -0.326
1938.250000 -0.450
1938.333333 -0.667
1938.416667 -0.900
1938.500000 -1.027
1938.583333 -0.968
1938.666667 -0.372
1938.750000 -0.598
1938.833333 -0.524
1938.916667 -0.540
1939 -0.166
1939.083333 -0.580
1939.166667 -0.654
1939.250000 -0.065
1939.333333 0.051
1939.416667 0.250
1939.500000 0.263
1939.583333 0.057
1939.666667 0.233
1939.750000 -0.533
1939.833333 0.306
1939.916667 0.477
1940 1.344
1940.083333 1.556
1940.166667 1.363
1940.250000 0.993
1940.333333 0.711
1940.416667 0.984
1940.500000 0.291
1940.583333 0.845
1940.666667 0.400
1940.750000 0.759
1940.833333 1.039
1940.916667 1.588
1941 1.565
1941.083333 1.579
1941.166667 1.671
1941.250000 1.582
1941.333333 1.529
1941.416667 1.070
1941.500000 1.121
1941.583333 1.338
1941.666667 1.092
1941.750000 1.070
1941.833333 1.086
1941.916667 1.232
1942 0.838
1942.083333 0.445
1942.166667 0.410
1942.250000 0.456
1942.333333 -0.056
1942.416667 -0.361
1942.500000 -0.468
1942.583333 -0.750
1942.666667 -0.879
1942.750000 -0.963
1942.833333 -0.967
1942.916667 -0.933
1943 -0.897
1943.083333 -0.684
1943.166667 -0.640
1943.250000 -0.350
1943.333333 -0.307
1943.416667 -0.260
1943.500000 -0.283
1943.583333 -0.413
1943.666667 -0.447
1943.750000 -0.260
1943.833333 -0.516
1943.916667 -0.545
1944 -0.308
1944.083333 -0.091
1944.166667 -0.328
1944.250000 0.038
1944.333333 -0.363
1944.416667 -0.165
1944.500000 -0.011
1944.583333 -0.270
1944.666667 -0.310
1944.750000 -0.432
1944.833333 -0.409
1944.916667 -0.562
1945 -0.697
1945.083333 -0.462
1945.166667 -1.046
1945.250000 -0.760
1945.333333 -0.347
1945.416667 -0.424
1945.500000 -0.369
1945.583333 -0.500
1945.666667 -0.495
1945.750000 -0.656
1945.833333 -0.471
1945.916667 -0.682
1946 -0.628
1946.083333 -0.457
1946.166667 -0.361
1946.250000 -0.324
1946.333333 -0.456
1946.416667 -0.120
1946.500000 -0.104
1946.583333 0.061
1946.666667 0.166
1946.750000 -0.311
1946.833333 0.110
1946.916667 0.358
1947 0.444
1947.083333 0.243
1947.166667 0.759
1947.250000 0.042
1947.333333 -0.250
1947.416667 0.594
1947.500000 -0.023
1947.583333 -0.223
1947.666667 -0.282
1947.750000 -0.264
1947.833333 -0.492
1947.916667 0.392
1948 0.288
1948.083333 0.213
1948.166667 0.287
1948.250000 -0.019
1948.333333 0.031
1948.416667 0.085
1948.500000 -0.032
1948.583333 -0.375
1948.666667 -0.369
1948.750000 -0.680
1948.833333 -0.127
1948.916667 0.134
1949 -0.581
1949.083333 -0.212
1949.166667 -0.651
1949.250000 -0.077
1949.333333 -0.224
1949.416667 -0.496
1949.500000 -0.362
1949.583333 -0.491
1949.666667 -1.007
1949.750000 -1.110
1949.833333 -1.352
1949.916667 -1.013
1950 -0.986
1950.083333 -1.354
1950.166667 -1.131
1950.250000 -1.031
1950.333333 -1.439
1950.416667 -1.203
1950.500000 -1.603
1950.583333 -1.072
1950.666667 -1.287
1950.750000 -1.156
1950.833333 -1.638
1950.916667 -1.039
1951 -1.064
1951.083333 -0.858
1951.166667 -0.954
1951.250000 -0.486
1951.333333 -0.351
1951.416667 -0.252
1951.500000 0.562
1951.583333 0.272
1951.666667 0.483
1951.750000 0.525
1951.833333 0.739
1951.916667 0.346
1952 0.142
1952.083333 0.066
1952.166667 0.029
1952.250000 0.116
1952.333333 -0.219
1952.416667 -0.731
1952.500000 -0.694
1952.583333 -0.524
1952.666667 -0.374
1952.750000 -0.224
1952.833333 -0.498
1952.916667 -0.360
1953 0.292
1953.083333 0.141
1953.166667 0.127
1953.250000 0.447
1953.333333 0.161
1953.416667 0.302
1953.500000 0.194
1953.583333 -0.005
1953.666667 0.306
1953.750000 -0.151
1953.833333 0.062
1953.916667 -0.107
1954 -0.051
1954.083333 -0.167
1954.166667 -0.230
1954.250000 -0.552
1954.333333 -0.629
1954.416667 -0.578
1954.500000 -0.621
1954.583333 -0.751
1954.666667 -0.965
1954.750000 -0.742
1954.833333 -0.830
1954.916667 -0.784
1955 -0.553
1955.083333 -0.918
1955.166667 -0.913
1955.250000 -1.268
1955.333333 -1.432
1955.416667 -1.407
1955.500000 -1.462
1955.583333 -1.152
1955.666667 -1.431
1955.750000 -2.031
1955.833333 -1.864
1955.916667 -1.678
1956 -1.394
1956.083333 -1.125
1956.166667 -1.093
1956.250000 -1.158
1956.333333 -1.190
1956.416667 -1.340
1956.500000 -1.125
1956.583333 -0.918
1956.666667 -0.968
1956.750000 -1.149
1956.833333 -1.298
1956.916667 -0.800
1957 -0.649
1957.083333 -0.376
1957.166667 -0.016
1957.250000 0.128
1957.333333 0.182
1957.416667 0.463
1957.500000 0.579
1957.583333 0.405
1957.666667 0.577
1957.750000 0.784
1957.833333 0.861
1957.916667 0.892
1958 1.174
1958.083333 0.955
1958.166667 0.591
1958.250000 0.254
1958.333333 0.394
1958.416667 0.272
1958.500000 0.112
1958.583333 0.362
1958.666667 0.031
1958.750000 -0.029
1958.833333 0.178
1958.916667 0.360
1959 0.260
1959.083333 0.103
1959.166667 -0.018
1959.250000 0.047
1959.333333 -0.067
1959.416667 -0.177
1959.500000 -0.259
1959.583333 -0.288
1959.666667 -0.322
1959.750000 0.088
1959.833333 -0.094
1959.916667 -0.237
1960 -0.092
1960.083333 -0.240
1960.166667 -0.010
1960.250000 0.014
1960.333333 -0.045
1960.416667 -0.256
1960.500000 -0.428
1960.583333 -0.211
1960.666667 -0.237
1960.750000 -0.233
1960.833333 -0.394
1960.916667 0.102
1961 0.123
1961.083333 0.268
1961.166667 0.032
1961.250000 0.070
1961.333333 -0.267
1961.416667 -0.191
1961.500000 -0.698
1961.583333 -0.594
1961.666667 -0.755
1961.750000 -0.930
1961.833333 -0.478
1961.916667 -0.677
1962 -0.535
1962.083333 -0.415
1962.166667 -0.669
1962.250000 -0.712
1962.333333 -0.820
1962.416667 -0.824
1962.500000 -0.687
1962.583333 -0.418
1962.666667 -0.847
1962.750000 -0.782
1962.833333 -0.545
1962.916667 -0.527
1963 -0.211
1963.083333 -0.155
1963.166667 -0.040
1963.250000 -0.014
1963.333333 -0.236
1963.416667 -0.216
1963.500000 0.095
1963.583333 0.297
1963.666667 0.455
1963.750000 0.645
1963.833333 0.535
1963.916667 0.772
1964 0.553
1964.083333 0.145
1964.166667 -0.271
1964.250000 -0.606
1964.333333 -1.012
1964.416667 -0.876
1964.500000 -0.777
1964.583333 -1.153
1964.666667 -0.950
1964.750000 -0.986
1964.833333 -0.789
1964.916667 -0.751
1965 -0.358
1965.083333 -0.076
1965.166667 0.044
1965.250000 0.299
1965.333333 0.481
1965.416667 0.433
1965.500000 0.633
1965.583333 1.047
1965.666667 1.087
1965.750000 1.239
1965.833333 1.320
1965.916667 1.169
1966 0.919
1966.083333 0.536
1966.166667 0.361
1966.250000 0.273
1966.333333 0.037
1966.416667 0.186
1966.500000 0.284
1966.583333 0.237
1966.666667 0.089
1966.750000 0.035
1966.833333 0.006
1966.916667 -0.016
1967 -0.314
1967.083333 -0.474
1967.166667 -0.522
1967.250000 -0.403
1967.333333 -0.348
1967.416667 -0.314
1967.500000 -0.494
1967.583333 -0.829
1967.666667 -0.845
1967.750000 -0.837
1967.833333 -0.543
1967.916667 -0.502
1968 -0.642
1968.083333 -0.517
1968.166667 -0.730
1968.250000 -0.635
1968.333333 -0.668
1968.416667 -0.197
1968.500000 -0.074
1968.583333 -0.066
1968.666667 -0.018
1968.750000 0.196
1968.833333 0.413
1968.916667 0.588
1969 0.518
1969.083333 0.530
1969.166667 0.301
1969.250000 0.162
1969.333333 0.220
1969.416667 0.344
1969.500000 0.189
1969.583333 0.377
1969.666667 0.370
1969.750000 0.816
1969.833333 0.786
1969.916667 0.660
1970 0.485
1970.083333 0.320
1970.166667 0.144
1970.250000 -0.158
1970.333333 -0.353
1970.416667 -0.477
1970.500000 -1.064
1970.583333 -1.211
1970.666667 -1.018
1970.750000 -1.008
1970.833333 -1.053
1970.916667 -1.243
1971 -1.461
1971.083333 -1.450
1971.166667 -1.289
1971.250000 -1.064
1971.333333 -1.095
1971.416667 -1.225
1971.500000 -1.242
1971.583333 -1.140
1971.666667 -0.992
1971.750000 -1.117
1971.833333 -1.161
1971.916667 -1.112
1972 -0.540
1972.083333 -0.177
1972.166667 -0.253
1972.250000 0.127
1972.333333 0.138
1972.416667 0.456
1972.500000 0.539
1972.583333 0.962
1972.666667 0.803
1972.750000 1.153
1972.833333 1.042
1972.916667 1.415
1973 1.045
1973.083333 0.367
1973.166667 0.072
1973.250000 -0.381
1973.333333 -0.658
1973.416667 -0.896
1973.500000 -1.058
1973.583333 -1.219
1973.666667 -1.395
1973.750000 -1.506
1973.833333 -1.748
1973.916667 -1.832
1974 -1.671
1974.083333 -1.452
1974.166667 -1.123
1974.250000 -0.821
1974.333333 -0.654
1974.416667 -0.680
1974.500000 -0.677
1974.583333 -0.539
1974.666667 -0.770
1974.750000 -0.988
1974.833333 -0.921
1974.916667 -0.958
1975 -0.801
1975.083333 -0.494
1975.166667 -0.802
1975.250000 -0.791
1975.333333 -1.212
1975.416667 -1.194
1975.500000 -1.140
1975.583333 -1.212
1975.666667 -1.489
1975.750000 -1.662
1975.833333 -1.586
1975.916667 -1.703
1976 -1.548
1976.083333 -0.939
1976.166667 -0.775
1976.250000 -0.650
1976.333333 -0.486
1976.416667 -0.106
1976.500000 0.233
1976.583333 0.406
1976.666667 0.566
1976.750000 0.801
1976.833333 0.785
1976.916667 0.489
1977 0.754
1977.083333 0.526
1977.166667 0.275
1977.250000 -0.332
1977.333333 -0.056
1977.416667 0.340
1977.500000 0.414
1977.583333 0.258
1977.666667 0.257
1977.750000 0.509
1977.833333 0.741
1977.916667 0.674
1978 0.701
1978.083333 0.450
1978.166667 0.305
1978.250000 -0.040
1978.333333 -0.071
1978.416667 -0.293
1978.500000 -0.534
1978.583333 -0.568
1978.666667 -0.479
1978.750000 -0.034
1978.833333 0.168
1978.916667 0.059
1979 0.001
1979.083333 -0.158
1979.166667 -0.230
1979.250000 0.086
1979.333333 0.159
1979.416667 0.122
1979.500000 0.014
1979.583333 0.085
1979.666667 0.323
1979.750000 0.349
1979.833333 0.265
1979.916667 0.470
1980 0.459
1980.083333 0.350
1980.166667 0.299
1980.250000 0.454
1980.333333 0.446
1980.416667 0.191
1980.500000 0.087
1980.583333 0.108
1980.666667 0.106
1980.750000 0.207
1980.833333 0.365
1980.916667 0.482
1981 -0.065
1981.083333 -0.161
1981.166667 0.041
1981.250000 -0.112
1981.333333 -0.064
1981.416667 -0.023
1981.500000 -0.210
1981.583333 -0.098
1981.666667 0.137
1981.750000 0.110
1981.833333 0.170
1981.916667 0.212
1982 0.082
1982.083333 0.127
1982.166667 0.172
1982.250000 0.333
1982.333333 0.525
1982.416667 0.748
1982.500000 0.771
1982.583333 0.969
1982.666667 1.438
1982.750000 1.793
1982.833333 1.717
1982.916667 1.907
1983 2.015
1983.083333 2.053
1983.166667 1.776
1983.250000 1.361
1983.333333 1.409
1983.416667 1.347
1983.500000 1.169
1983.583333 0.858
1983.666667 0.272
1983.750000 -0.125
1983.833333 -0.202
1983.916667 0.157
1984 0.161
1984.083333 0.069
1984.166667 -0.018
1984.250000 -0.202
1984.333333 -0.413
1984.416667 -0.574
1984.500000 -0.471
1984.583333 -0.349
1984.666667 -0.149
1984.750000 -0.303
1984.833333 -0.577
1984.916667 -0.922
1985 -0.599
1985.083333 -0.643
1985.166667 -0.638
1985.250000 -0.682
1985.333333 -0.759
1985.416667 -0.486
1985.500000 -0.255
1985.583333 -0.259
1985.666667 -0.284
1985.750000 -0.409
1985.833333 -0.285
1985.916667 -0.187
1986 -0.380
1986.083333 -0.065
1986.166667 0.033
1986.250000 0.075
1986.333333 -0.078
1986.416667 0.203
1986.500000 0.509
1986.583333 0.505
1986.666667 0.618
1986.750000 0.810
1986.833333 1.090
1986.916667 1.101
1987 0.979
1987.083333 1.023
1987.166667 1.243
1987.250000 1.138
1987.333333 1.186
1987.416667 1.235
1987.500000 1.506
1987.583333 1.556
1987.666667 1.609
1987.750000 1.427
1987.833333 1.282
1987.916667 1.155
1988 0.732
1988.083333 0.243
1988.166667 0.341
1988.250000 -0.191
1988.333333 -0.568
1988.416667 -0.943
1988.500000 -0.997
1988.583333 -0.936
1988.666667 -1.031
1988.750000 -1.491
1988.833333 -1.478
1988.916667 -1.397
1989 -1.514
1989.083333 -1.067
1989.166667 -1.058
1989.250000 -0.833
1989.333333 -0.795
1989.416667 -0.640
1989.500000 -0.381
1989.583333 -0.605
1989.666667 -0.499
1989.750000 -0.561
1989.833333 -0.497
1989.916667 -0.149
1990 -0.129
1990.083333 -0.016
1990.166667 -0.185
1990.250000 0.082
1990.333333 0.035
1990.416667 -0.053
1990.500000 -0.037
1990.583333 0.026
1990.666667 0.047
1990.750000 -0.098
1990.833333 -0.146
1990.916667 -0.152
1991 0.035
1991.083333 0.036
1991.166667 0.023
1991.250000 -0.008
1991.333333 0.203
1991.416667 0.286
1991.500000 0.425
1991.583333 0.305
1991.666667 0.257
1991.750000 0.727
1991.833333 0.952
1991.916667 1.054
1992 1.045
1992.083333 1.018
1992.166667 0.990
1992.250000 1.263
1992.333333 1.511
1992.416667 0.984
1992.500000 0.716
1992.583333 0.422
1992.666667 0.344
1992.750000 0.460
1992.833333 0.409
1992.916667 0.330
1993 0.508
1993.083333 0.710
1993.166667 0.798
1993.250000 1.094
1993.333333 1.160
1993.416667 1.048
1993.500000 0.760
1993.583333 0.764
1993.666667 0.737
1993.750000 0.764
1993.833333 0.602
1993.916667 0.585
1994 0.385
1994.083333 0.159
1994.166667 0.241
1994.250000 0.530
1994.333333 0.534
1994.416667 0.509
1994.500000 0.361
1994.583333 0.229
1994.666667 0.320
1994.750000 0.692
1994.833333 0.591
1994.916667 0.614
1995 0.760
1995.083333 0.641
1995.166667 0.508
1995.250000 0.349
1995.333333 0.299
1995.416667 0.476
1995.500000 0.428
1995.583333 -0.026
1995.666667 0.009
1995.750000 -0.351
1995.833333 -0.488
1995.916667 -0.474
1996 -0.330
1996.083333 -0.313
1996.166667 -0.107
1996.250000 -0.201
1996.333333 -0.134
1996.416667 0.098
1996.500000 -0.094
1996.583333 -0.122
1996.666667 -0.191
1996.750000 -0.150
1996.833333 -0.008
1996.916667 -0.337
1997 -0.004
1997.083333 -0.069
1997.166667 0.036
1997.250000 0.377
1997.333333 0.891
1997.416667 1.176
1997.500000 1.324
1997.583333 1.719
1997.666667 1.855
1997.750000 1.989
1997.833333 1.998
1997.916667 1.786
1998 1.985
1998.083333 1.604
1998.166667 1.299
1998.250000 0.720
1998.333333 0.492
1998.416667 -0.031
1998.500000 -0.347
1998.583333 -0.387
1998.666667 -0.587
1998.750000 -0.949
1998.833333 -0.951
1998.916667 -1.115
1999 -1.159
1999.083333 -1.127
1999.166667 -0.904
1999.250000 -0.989
1999.333333 -1.006
1999.416667 -1.147
1999.500000 -1.042
1999.583333 -1.015
1999.666667 -1.160
1999.750000 -1.334
1999.833333 -1.427
1999.916667 -1.394
2000 -1.447
2000.083333 -1.243
2000.166667 -1.070
2000.250000 -0.691
2000.333333 -0.941
2000.416667 -0.928
2000.500000 -0.770
2000.583333 -0.698
2000.666667 -0.675
2000.750000 -0.712
2000.833333 -0.703
2000.916667 -0.760
2001 -0.733
2001.083333 -0.692
2001.166667 -0.388
2001.250000 -0.310
2001.333333 -0.492
2001.416667 -0.467
2001.500000 -0.506
2001.583333 -0.332
2001.666667 -0.594
2001.750000 -0.565
2001.833333 -0.540
2001.916667 -0.743
2002 -0.482
2002.083333 -0.466
2002.166667 -0.059
2002.250000 -0.013
2002.333333 0.020
2002.416667 0.098
2002.500000 0.246
2002.583333 0.280
2002.666667 0.314
2002.750000 0.620
2002.833333 1.042
2002.916667 0.972
2003 0.772
2003.083333 0.580
2003.166667 0.427
2003.250000 0.045
2003.333333 -0.461
2003.416667 -0.239
2003.500000 0.077
2003.583333 0.174
2003.666667 -0.121
2003.750000 0.328
2003.833333 0.365
2003.916667 0.261
2004 0.257
2004.083333 -0.037
2004.166667 0.024
2004.250000 0.108
2004.333333 -0.157
2004.416667 -0.214
2004.500000 -0.075
2004.583333 0.103
2004.666667 0.251
2004.750000 0.229
2004.833333 0.288
2004.916667 0.431
2005 0.459
2005.083333 0.021
2005.166667 0.179
2005.250000 0.083
2005.333333 0.181
2005.416667 -0.007
2005.500000 -0.151
2005.583333 -0.223
2005.666667 -0.489
2005.750000 -0.763
2005.833333 -0.975
2005.916667 -0.936
2006 -0.617
2006.083333 -0.487
2006.166667 -0.415
2006.250000 -0.394
2006.333333 -0.260
2006.416667 -0.023
2006.500000 0.021
2006.583333 0.243
2006.666667 0.374
2006.750000 0.655
2006.833333 0.697
2006.916667 0.935
2007 0.590
2007.083333 0.248
2007.166667 -0.091
2007.250000 -0.069
2007.333333 -0.461
2007.416667 -0.314
2007.500000 -0.173
2007.583333 -0.560
2007.666667 -0.991
2007.750000 -1.376
2007.833333 -1.483
2007.916667 -1.319
2008 -1.555
2008.083333 -1.363
2008.166667 -1.080
2008.250000 -0.968
2008.333333 -0.717
2008.416667 -0.542
2008.500000 -0.323
2008.583333 -0.226
2008.666667 -0.447
2008.750000 -0.513
2008.833333 -0.599
2008.916667 -0.918
2009 -0.851
2009.083333 -0.749
2009.166667 -0.896
2009.250000 -0.356
2009.333333 0.055
2009.416667 0.319
2009.500000 0.458
2009.583333 0.458
2009.666667 0.717
2009.750000 0.762
2009.833333 1.092
2009.916667 1.136
2010 0.998
2010.083333 0.687
2010.166667 0.405
2010.250000 0.312
2010.333333 -0.008
2010.416667 -0.579
2010.500000 -0.973
2010.583333 -1.383
2010.666667 -1.721
2010.750000 -1.777
2010.833333 -1.570
2010.916667 -1.706
2011 -1.684
2011.083333 -1.305
2011.166667 -1.150
2011.250000 -0.889
2011.333333 -0.833
2011.416667 -0.802
2011.500000 -0.883
2011.583333 -1.006
2011.666667 -1.052
2011.750000 -1.273
2011.833333 -1.330
2011.916667 -1.289
2012 -0.956
2012.083333 -0.474
2012.166667 -0.415
2012.250000 -0.191
2012.333333 -0.405
2012.416667 0.040
2012.500000 0.162
2012.583333 0.217
2012.666667 -0.089
2012.750000 0.002
2012.833333 0.231
2012.916667 -0.147
2013 -0.353
2013.083333 -0.426
2013.166667 -0.248
2013.250000 -0.312
2013.333333 -0.407
2013.416667 -0.578
2013.500000 -0.716
2013.583333 -0.711
2013.666667 -0.536
2013.750000 -0.448
2013.833333 -0.369
2013.916667 -0.414
2014 -0.445
2014.083333 -0.341
2014.166667 0.026
2014.250000 0.107
2014.333333 0.305
2014.416667 0.203
2014.500000 0.103
2014.583333 -0.023
2014.666667 0.029
2014.750000 0.349
2014.833333 0.656
2014.916667 0.671
2015 0.461
2015.083333 0.452
2015.166667 0.248
2015.250000 0.639
2015.333333 0.599
2015.416667 0.930
2015.500000 1.199
2015.583333 1.302
2015.666667 1.681
2015.750000 1.679
2015.833333 1.682
2015.916667 1.619
2016 1.753
2016.083333 1.148
2016.166667 1.126
2016.250000 0.771
2016.333333 0.404
2016.416667 0.355
2016.500000 -0.027
2016.583333 -0.267
2016.666667 -0.402
2016.750000 -0.695
2016.833333 -0.336
2016.916667 -0.271
2017 -0.169
2017.083333 0.082
2017.166667 -0.085
2017.250000 -0.036
2017.333333 0.043
2017.416667 -0.069
2017.500000 -0.161
2017.583333 -0.329
2017.666667 -0.552
2017.750000 -0.689
2017.833333 -0.862
2017.916667 -0.923
2018 -0.978
2018.083333 -0.855
2018.166667 -1.009
2018.250000 -0.468
2018.333333 -0.436
2018.416667 -0.334
2018.500000 -0.122
2018.583333 -0.163
2018.666667 -0.051
2018.750000 0.122
2018.833333 0.226
2018.916667 0.323
2019 0.056
2019.083333 0.059
2019.166667 0.067
2019.250000 0.242
2019.333333 0.252
2019.416667 0.221
2019.500000 -0.044
2019.583333 -0.306
2019.666667 -0.309
2019.750000 -0.123
2019.833333 0.135
2019.916667 -0.071
2020 0.134
2020.083333 -0.134
2020.166667 -0.399
2020.250000 -0.038
2020.333333 -0.421
2020.416667 -0.635
2020.500000 -0.630
2020.583333 -0.899
2020.666667 -1.099
2020.750000 -1.302
2020.833333 -1.342
2020.916667 -1.189
2021 -1.264
2021.083333 -1.158
2021.166667 -0.967
2021.250000 -0.904
2021.333333 -0.963
2021.416667 -0.671
2021.500000 -0.763
2021.583333 -0.623
2021.666667 -0.932
2021.750000 -1.220
2021.833333 -1.438
2021.916667 -1.713
2022 -1.307
2022.083333 -1.180
2022.166667 -1.282
2022.250000 -1.434
2022.333333 -1.684
2022.416667 -1.396
2022.500000 -1.377
2022.583333 -1.522
2022.666667 -1.698
2022.750000 -1.652
2022.833333 -1.451
2022.916667 -1.305
2023 -1.063
2023.083333 -1.124
2023.166667 -0.594
2023.250000 -0.448
2023.333333 -0.147
2023.416667 0.093
2023.500000 0.166
2023.583333 0.528
2023.666667 0.484
2023.750000 0.596
2023.833333 0.823
2023.916667 0.509
2024 0.626
2024.083333 0.425
2024.166667 0.240
2024.250000 0.151
2024.333333 -0.337
2024.416667 -0.441
2024.500000 -0.530
2024.583333 -0.594
2024.666667 -0.892
2024.750000 -0.979
2024.833333 -0.825
2024.916667 -1.222
2025 -1.186
2025.083333 -0.765
2025.166667 -0.474
2025.250000 -0.658
2025.333333 -0.825
2025.416667 -0.924
2025.500000 -1.194
2025.583333 -1.041
2025.666667 -1.038
2025.750000 -1.189
2025.833333 -1.277
2025.916667 -0.997
2026 -0.957
2026.083333 -0.585
2026.166667 -0.410
2026.250000 -0.061
2026.333333 0.177
2026.416667 0.637
