1948	0.971
1948.083333	4.704
1948.166667	-0.896
1948.25	-3.557
1948.333333	-1.479
1948.416667	-2.252
1948.5	-1.277
1948.583333	0.96
1948.666667	0.369
1948.75	-0.315
1948.833333	5.021
1948.916667	2.2
1949	5.43
1949.083333	4.361
1949.166667	-1.439
1949.25	-0.154
1949.333333	-1.666
1949.416667	-1.579
1949.5	-0.048
1949.583333	0.707
1949.666667	-0.233
1949.75	3.522
1949.833333	-0.836
1949.916667	4.214
1950	2.644
1950.083333	2.077
1950.166667	3.091
1950.25	1.923
1950.333333	2.211
1950.416667	1.014
1950.5	-0.336
1950.583333	-0.236
1950.666667	0.17
1950.75	-2.54
1950.833333	0.483
1950.916667	-1.545
1951	2.702
1951.083333	1.878
1951.166667	3.103
1951.25	-3.88
1951.333333	-2.213
1951.416667	-0.903
1951.5	-0.336
1951.583333	-0.872
1951.666667	-1.36
1951.75	0.21
1951.833333	-1.165
1951.916667	-0.464
1952	-1.444
1952.083333	2.156
1952.166667	1.74
1952.25	-1.652
1952.333333	0.535
1952.416667	0.015
1952.5	-0.538
1952.583333	1.034
1952.666667	0.375
1952.75	0.623
1952.833333	1.179
1952.916667	-2.297
1953	1.742
1953.083333	7.614
1953.166667	2.595
1953.25	-0.952
1953.333333	-0.631
1953.416667	1.682
1953.5	0.185
1953.583333	0.197
1953.666667	-0.722
1953.75	1.669
1953.833333	-0.853
1953.916667	6.026
1954	0.5
1954.083333	1.101
1954.166667	-1.303
1954.25	0.761
1954.333333	-1.173
1954.416667	0.498
1954.5	0.403
1954.583333	1.899
1954.666667	1.242
1954.75	0.072
1954.833333	-0.26
1954.916667	0.949
1955	2.308
1955.083333	7.473
1955.166667	4.596
1955.25	1.63
1955.333333	3.862
1955.416667	1.871
1955.5	1.333
1955.583333	1.983
1955.666667	1.979
1955.75	2.494
1955.833333	3.016
1955.916667	-3.548
1956	-2.126
1956.083333	5.06
1956.166667	5.191
1956.25	0.577
1956.333333	1.273
1956.416667	2.335
1956.5	2.644
1956.583333	3.112
1956.666667	0.005
1956.75	3.177
1956.833333	5.012
1956.916667	6.564
1957	0.984
1957.083333	-3.795
1957.166667	-0.273
1957.25	-0.869
1957.333333	-4.281
1957.416667	-0.776
1957.5	0.644
1957.583333	1.251
1957.666667	-3.812
1957.75	-3.018
1957.833333	1.107
1957.916667	-0.04
1958	-2.567
1958.083333	-10.78
1958.166667	-5.996
1958.25	0.264
1958.333333	-4.307
1958.416667	-0.981
1958.5	-0.842
1958.583333	1.019
1958.666667	0.491
1958.75	-0.19
1958.833333	1.675
1958.916667	-0.327
1959	-0.619
1959.083333	-2.56
1959.166667	5.528
1959.25	-1.337
1959.333333	1.44
1959.416667	-1.197
1959.5	-0.252
1959.583333	-0.814
1959.666667	2.204
1959.75	-0.219
1959.833333	2.88
1959.916667	1.26
1960	-0.874
1960.083333	1.976
1960.166667	1.287
1960.25	1.317
1960.333333	1.021
1960.416667	-0.536
1960.5	0.222
1960.583333	1.076
1960.666667	2.478
1960.75	-0.016
1960.833333	-0.192
1960.916667	1.775
1961	-1.773
1961.083333	6.931
1961.166667	-0.312
1961.25	2.374
1961.333333	1.822
1961.416667	0.045
1961.5	0.17
1961.583333	1.561
1961.666667	1.284
1961.75	2.587
1961.833333	-0.486
1961.916667	3.942
1962	6.315
1962.083333	-3.386
1962.166667	-0.668
1962.25	2.794
1962.333333	2.789
1962.416667	1.669
1962.5	2.331
1962.583333	0.312
1962.666667	1.238
1962.75	0.217
1962.833333	3.053
1962.916667	-0.706
1963	2.157
1963.083333	-2.644
1963.166667	1.516
1963.25	-0.751
1963.333333	0.777
1963.416667	0.473
1963.5	-1.075
1963.583333	1.156
1963.666667	-3.54
1963.75	-2.38
1963.833333	-2.134
1963.916667	-0.291
1964	4.083
1964.083333	5.869
1964.166667	3.748
1964.25	4.372
1964.333333	2.444
1964.416667	0.674
1964.5	1.286
1964.583333	0.694
1964.666667	3.875
1964.75	-0.211
1964.833333	1.038
1964.916667	-0.178
1965	1.544
1965.083333	4.769
1965.166667	0.574
1965.25	-3.427
1965.333333	3.785
1965.416667	-0.584
1965.5	-1.284
1965.583333	-1.344
1965.666667	-0.285
1965.75	-0.636
1965.833333	-7.802
1965.916667	-1.142
1966	-0.281
1966.083333	0.768
1966.166667	0.258
1966.25	-0.985
1966.333333	-1.6
1966.416667	-0.606
1966.5	-0.095
1966.583333	0.336
1966.666667	-0.847
1966.75	1.222
1966.833333	-3.075
1966.916667	-0.58
1967	2.648
1967.083333	5.8
1967.166667	-0.51
1967.25	-1.076
1967.333333	2.152
1967.416667	-0.708
1967.5	1.402
1967.583333	-0.237
1967.666667	-2.309
1967.75	0.855
1967.833333	-3.208
1967.916667	1.122
1968	1.88
1968.083333	-4.044
1968.166667	-0.36
1968.25	3.323
1968.333333	0.847
1968.416667	1.135
1968.5	1.551
1968.583333	0.229
1968.666667	0.184
1968.75	-0.473
1968.833333	-0.465
1968.916667	-2.024
1969	-5.651
1969.083333	-5.94
1969.166667	1.666
1969.25	-1.301
1969.333333	-2.049
1969.416667	-2.288
1969.5	0.632
1969.583333	-0.835
1969.666667	-0.444
1969.75	-1.483
1969.833333	-1.27
1969.916667	-2.027
1970	-4.9
1970.083333	-3.812
1970.166667	1.829
1970.25	4.095
1970.333333	2.671
1970.416667	-0.026
1970.5	-0.264
1970.583333	0.458
1970.666667	2.21
1970.75	-0.142
1970.833333	-3.005
1970.916667	1.076
1971	5.065
1971.083333	7.349
1971.166667	3.831
1971.25	2.526
1971.333333	2.057
1971.416667	0.491
1971.5	1.12
1971.583333	-0.427
1971.666667	0.79
1971.75	3.652
1971.833333	3.086
1971.916667	2.492
1972	4.455
1972.083333	1.071
1972.166667	1.899
1972.25	-0.093
1972.333333	-1.278
1972.416667	-1.259
1972.5	-1.687
1972.583333	-1.633
1972.666667	-0.636
1972.75	-2.359
1972.833333	-1.25
1972.916667	-0.2
1973	-2.303
1973.083333	-8.273
1973.166667	2.683
1973.25	3.538
1973.333333	0.334
1973.416667	1.967
1973.5	0.96
1973.583333	2.282
1973.666667	0.876
1973.75	1.553
1973.833333	0.726
1973.916667	0.595
1974	0.56
1974.083333	5.932
1974.166667	-1.769
1974.25	3.414
1974.333333	2.223
1974.416667	0.209
1974.5	0.3
1974.583333	0.759
1974.666667	-0.324
1974.75	2.549
1974.833333	1.337
1974.916667	4.283
1975	4.746
1975.083333	-0.692
1975.166667	-0.405
1975.25	3.509
1975.333333	0.864
1975.416667	1.392
1975.5	0.624
1975.583333	3.053
1975.666667	2.615
1975.75	2.151
1975.833333	3.264
1975.916667	4.765
1976	5.938
1976.083333	2.33
1976.166667	4.956
1976.25	-1.774
1976.333333	0.244
1976.416667	-0.622
1976.5	-1.251
1976.583333	-0.653
1976.666667	-1.777
1976.75	0.778
1976.833333	0.032
1976.916667	0.625
1977	0.306
1977.083333	4.662
1977.166667	4.331
1977.25	0.704
1977.333333	-1.105
1977.416667	0.206
1977.5	1.129
1977.583333	-2.197
1977.666667	-1.923
1977.75	-0.706
1977.833333	0.418
1977.916667	-6.57
1978	-7.837
1978.083333	-6.265
1978.166667	-5.78
1978.25	-2.177
1978.333333	3.151
1978.416667	2.891
1978.5	2.047
1978.583333	1.419
1978.666667	1.318
1978.75	0.83
1978.833333	0.989
1978.916667	1.565
1979	-3.011
1979.083333	0.203
1979.166667	-2.035
1979.25	-0.973
1979.333333	-0.271
1979.416667	2.218
1979.5	-2.333
1979.583333	-1.179
1979.666667	-1.069
1979.75	-3.067
1979.833333	-1.94
1979.916667	-3.921
1980	-5.111
1980.083333	-8.808
1980.166667	1.919
1980.25	-0.811
1980.333333	0.384
1980.416667	1.308
1980.5	-0.727
1980.583333	-0.748
1980.666667	-1.227
1980.75	0.112
1980.833333	2.172
1980.916667	-1.494
1981	-5.093
1981.083333	-0.531
1981.166667	-2.467
1981.25	1.342
1981.333333	0.728
1981.416667	0.874
1981.5	1.091
1981.583333	-0.833
1981.666667	1.382
1981.75	-0.931
1981.833333	-2.93
1981.916667	-1.241
1982	1.537
1982.083333	-0.756
1982.166667	-4.487
1982.25	-2.286
1982.333333	-0.294
1982.416667	-3.193
1982.5	-0.65
1982.583333	-0.735
1982.666667	-1.199
1982.75	-2.823
1982.833333	-5.642
1982.916667	-3.853
1983	-8.411
1983.083333	-12.164
1983.166667	-11.385
1983.25	-5.171
1983.333333	-0.328
1983.416667	0.351
1983.5	0.501
1983.583333	-0.987
1983.666667	-0.596
1983.75	-0.867
1983.833333	-3.758
1983.916667	-4.06
1984	4.257
1984.083333	2.995
1984.166667	1.301
1984.25	1.688
1984.333333	1.318
1984.416667	1.482
1984.5	-1.165
1984.583333	1.063
1984.666667	0.632
1984.75	1.62
1984.833333	-2.479
1984.916667	-0.324
1985	0.568
1985.083333	6.115
1985.166667	4.007
1985.25	1.571
1985.333333	0.973
1985.416667	-1.071
1985.5	-1.102
1985.583333	0.499
1985.666667	0.844
1985.75	0.881
1985.833333	-0.695
1985.916667	-0.512
1986	-3.013
1986.083333	-5.391
1986.166667	-2.448
1986.25	2.399
1986.333333	-1.489
1986.416667	-0.069
1986.5	2.059
1986.583333	0.026
1986.666667	0.22
1986.75	-1.132
1986.833333	2.168
1986.916667	-3.139
1987	0.291
1987.083333	-1.989
1987.166667	-5.518
1987.25	-2.083
1987.333333	-1.593
1987.416667	-1.093
1987.5	-3.163
1987.583333	-2.171
1987.666667	0.138
1987.75	-3.031
1987.833333	0.566
1987.916667	-0.861
1988	0.3
1988.083333	2.772
1988.166667	7.241
1988.25	-3.226
1988.333333	1.243
1988.416667	-0.313
1988.5	0.16
1988.583333	-1.831
1988.666667	2.046
1988.75	0.531
1988.833333	2.417
1988.916667	4.167
1989	8.678
1989.083333	3.284
1989.166667	-1.98
1989.25	-0.508
1989.333333	2.382
1989.416667	-1.82
1989.5	3.336
1989.583333	0.247
1989.666667	-0.732
1989.75	0.908
1989.833333	0.928
1989.916667	0.474
1990	2.57
1990.083333	1.408
1990.166667	0.761
1990.25	-1.401
1990.333333	-1.015
1990.416667	0.407
1990.5	-1.779
1990.583333	-1.279
1990.666667	-0.368
1990.75	0.942
1990.833333	3.355
1990.916667	3.352
1991	1.973
1991.083333	-1.423
1991.166667	-4.147
1991.25	1.941
1991.333333	1.095
1991.416667	-0.023
1991.5	-0.747
1991.583333	-0.861
1991.666667	-1.395
1991.75	-0.972
1991.833333	1.875
1991.916667	-3.825
1992	-4.153
1992.083333	-8.402
1992.166667	-8.342
1992.25	-3.277
1992.333333	-2.12
1992.416667	-2.053
1992.5	-2.161
1992.583333	0.417
1992.666667	0.281
1992.75	-2.741
1992.833333	0.898
1992.916667	-0.86
1993	-6.047
1993.083333	-7.893
1993.166667	-2.469
1993.25	-0.714
1993.333333	-7.225
1993.416667	-1.215
1993.5	-0.212
1993.583333	-2.359
1993.666667	-0.408
1993.75	-3.037
1993.833333	-0.252
1993.916667	0.239
1994	1.699
1994.083333	-1.061
1994.166667	-1
1994.25	-0.003
1994.333333	-0.914
1994.416667	1
1994.5	-0.782
1994.583333	-0.926
1994.666667	-1.407
1994.75	-1.6
1994.833333	1.356
1994.916667	-2.533
1995	-11.749
1995.083333	-2.735
1995.166667	-4.533
1995.25	-0.973
1995.333333	-1.434
1995.416667	-0.292
1995.5	-1.075
1995.583333	-1.786
1995.666667	-0.161
1995.75	1.31
1995.833333	0.83
1995.916667	-1.4
1996	1.09
1996.083333	-3.874
1996.166667	-1.118
1996.25	0.299
1996.333333	-1.566
1996.416667	1.471
1996.5	0.022
1996.583333	0.935
1996.666667	1.728
1996.75	2.151
1996.833333	1.419
1996.916667	-1.733
1997	-2.977
1997.083333	6.571
1997.166667	2.004
1997.25	-0.95
1997.333333	-4.599
1997.416667	-2.225
1997.5	-0.972
1997.583333	-3.765
1997.666667	-4.213
1997.75	-1.741
1997.833333	-8.608
1997.916667	-2.092
1998	-8.112
1998.083333	-10.934
1998.166667	-3.578
1998.25	-0.944
1998.333333	-2.547
1998.416667	1.351
1998.5	0.856
1998.583333	1.579
1998.666667	-1.561
1998.75	1.959
1998.833333	0.938
1998.916667	8.101
1999	4.302
1999.083333	3.174
1999.166667	0.822
1999.25	4.186
1999.333333	2.295
1999.416667	0.057
1999.5	-0.469
1999.583333	-1.651
1999.666667	-1.651
1999.75	0.012
1999.833333	-2.029
1999.916667	6.941
2000	0.929
2000.083333	-4.992
2000.166667	3.324
2000.25	-0.614
2000.333333	-0.812
2000.416667	-1.944
2000.5	1.526
2000.583333	0.997
2000.666667	-0.59
2000.75	1.53
2000.833333	4.215
2000.916667	1.911
2001	1.31
2001.083333	2.013
2001.166667	0.853
2001.25	2.209
2001.333333	-0.607
2001.416667	1.43
2001.5	0.528
2001.583333	-0.027
2001.666667	-0.811
2001.75	0.734
2001.833333	-2.977
2001.916667	-0.805
2002	2.848
2002.083333	2.942
2002.166667	1.664
2002.25	0.226
2002.333333	-0.127
2002.416667	0.495
2002.5	-1.938
2002.583333	-0.31
2002.666667	-2.719
2002.75	-0.016
2002.833333	-1.922
2002.916667	-5.861
2003	-2.517
2003.083333	-0.073
2003.166667	-0.57
2003.25	-2.628
2003.333333	-0.762
2003.416667	-2.216
2003.5	0.286
2003.583333	0.091
2003.666667	-1.554
2003.75	0.414
2003.833333	-0.763
2003.916667	-1.635
2004	-0.554
2004.083333	-0.219
2004.166667	5.007
2004.25	0.078
2004.333333	1.529
2004.416667	0.547
2004.5	-1.063
2004.583333	-0.766
2004.666667	0.674
2004.75	-2.109
2004.833333	4.444
2004.916667	0.037
2005	-2.242
2005.083333	-5.398
2005.166667	-0.002
2005.25	0.287
2005.333333	-2.468
2005.416667	1.027
2005.5	-0.195
2005.583333	-0.757
2005.666667	3.341
2005.75	2.172
2005.833333	3.332
2005.916667	-1.886
2006	4.121
2006.083333	2.257
2006.166667	-0.108
2006.25	-0.886
2006.333333	-0.66
2006.416667	-0.154
2006.5	-0.913
2006.583333	-0.472
2006.666667	0.579
2006.75	-1.143
2006.833333	0.905
2006.916667	2.745
2007	8.058
2007.083333	2.207
2007.166667	5.106
2007.25	1.956
2007.333333	2.032
2007.416667	3.25
2007.5	-1.612
2007.583333	-1.554
2007.666667	1.379
2007.75	2.134
2007.833333	3.971
2007.916667	7.032
2008	1.343
2008.083333	5.692
2008.166667	8.118
2008.25	4.419
2008.333333	0.569
2008.416667	1.47
2008.5	-1.584
2008.583333	-1.437
2008.666667	-0.095
2008.75	2.203
2008.833333	2.515
2008.916667	4.223
2009	6.754
2009.083333	-1.159
2009.166667	4.57
2009.25	3.125
2009.333333	1.11
2009.416667	-2.38
2009.5	0.195
2009.583333	-0.257
2009.666667	1.42
2009.75	-0.416
2009.833333	1.02
2009.916667	-3.436
2010	-8.052
2010.083333	-6.329
2010.166667	-0.178
2010.25	-1.751
2010.333333	3.498
2010.416667	2.772
2010.5	-0.044
2010.583333	0.429
2010.666667	1.166
2010.75	1.905
2010.833333	4.024
2010.916667	-2.89
2011	5.233
2011.083333	4.645
2011.166667	0.887
2011.25	3.593
2011.333333	0.947
2011.416667	-0.365
2011.5	-0.393
2011.583333	0.467
2011.666667	0.291
2011.75	1.415
2011.833333	1.716
2011.916667	7.887
2012	4.865
2012.083333	3.723
2012.166667	0.165
2012.25	-1.349
2012.333333	2.668
2012.416667	0.168
2012.5	1.868
2012.583333	-1.316
2012.666667	2.833
2012.75	-0.19
2012.833333	-2.34
2012.916667	0.023
2013	6.643
2013.083333	8.002
2013.166667	2.063
2013.25	2.727
2013.333333	1.356
2013.416667	1.163
2013.5	0.47
2013.583333	-1.299
2013.666667	-0.257
2013.75	0.932
2013.833333	0.144
2013.916667	4.973
2014	3.977
2014.083333	-0.953
2014.166667	-0.602
2014.25	1.158
2014.333333	1.391
2014.416667	0.565
2014.5	-0.953
2014.583333	-1.605
2014.666667	-3.836
2014.75	-3.229
2014.833333	-1.818
2014.916667	-2.97
2015	2.083
2015.083333	-1.67
2015.166667	0.931
2015.25	0.631
2015.333333	-2.497
2015.416667	-1.473
2015.5	-4.051
2015.583333	-3.224
2015.666667	-2.707
2015.75	-4.079
2015.833333	2.093
2015.916667	1.549
2016	-6.935
2016.083333	0.825
2016.166667	-2.065
2016.25	-1.135
2016.333333	0.272
2016.416667	1.559
2016.5	1.753
2016.583333	0.404
2016.666667	3.795
2016.75	-1.928
2016.833333	-0.487
2016.916667	2.524
2017	-1.788
2017.083333	-4.725
2017.166667	2.897
2017.25	-0.849
2017.333333	0.702
2017.416667	-1.26
2017.5	1.494
2017.583333	-0.59
2017.666667	-0.104
2017.75	3.587
2017.833333	-1.122
2017.916667	3.408
2018	2.872
2018.083333	6.484
2018.166667	-0.816
2018.25	1.226
2018.333333	-0.08
2018.416667	0.753
2018.5	1.353
2018.583333	0.564
2018.666667	0.625
2018.75	-0.584
2018.833333	0.013
2018.916667	2.687
2019	-2.519
2019.083333	-4.261
2019.166667	-1.829
2019.25	1.068
2019.333333	-2.324
2019.416667	0.534
2019.5	0.429
2019.583333	-1.844
2019.666667	-0.722
2019.75	0.875
2019.833333	-1.041
2019.916667	-3.166
2020	4.926
2020.083333	6.851
2020.166667	-0.6
2020.25	1.467
2020.333333	-1.671
2020.416667	0.942
2020.5	0.577
2020.583333	-0.463
2020.666667	-0.276
2020.75	1.612
2020.833333	1.998
2020.916667	5.096
2021	2.624
2021.083333	7.788
2021.166667	3.533
2021.25	1.231
2021.333333	3.647
2021.416667	-1.396
2021.5	1.899
2021.583333	-0.326
2021.666667	2.405
2021.75	1.03
2021.833333	3.225
2021.916667	-0.727
2022	3.742
2022.083333	8.085
2022.166667	4.665
2022.25	3.27
2022.333333	3.374
2022.416667	0.653
2022.5	0.204
2022.583333	0.179
2022.666667	-0.33
2022.75	2.508
2022.833333	3.61
2022.916667	0.148
2023	-1.848
2023.083333	5.64
2023.166667	-1.635
2023.25	3.066
2023.333333	-2.671
2023.416667	0.523
2023.5	0.189
2023.583333	-2.002
2023.666667	-0.299
2023.75	-3.826
2023.833333	-3.036
2023.916667	-3.54
2024	-1.128
2024.083333	-5.863
2024.166667	-1.241
2024.25	2.975
2024.333333	1.462
2024.416667	-0.732
2024.5	-0.864
2024.583333	0.164
2024.666667	-0.836
2024.75	0.842
2024.833333	-0.891
2024.916667	1.822
2025	5.83
2025.083333	0.751
2025.166667	0.512
2025.25	2.983
2025.333333	2.537
2025.416667	0.98
2025.5	1.055
2025.583333	0.433
2025.666667	-0.994
2025.75	0.846
2025.833333	-0.002
2025.916667	0.531
2026	1.409
2026.083333	-0.676
2026.166667	4.557
2026.25	-2.53
2026.333333	0.492
2026.416667	-1.962
