1948    0.570    0.510    0.899    0.417    0.292    0.027   -0.095    0.142   -0.221    0.201    0.349    1.086
1949    0.237    0.543    0.195    0.766    0.055    0.280    0.696    1.136    0.940    1.007    0.449    0.194
1950    0.346   -0.126    0.355    0.316    0.133    0.242    0.307    0.221    0.057    0.078    0.310    0.003
1951   -0.106   -0.501   -0.314    0.057   -0.079    0.500    0.512    0.114    0.047    0.269    0.032    0.396
1952   -0.217   -0.341   -0.016    0.026   -0.001    0.942    0.593    0.256   -0.063    0.124    0.215    0.445
1953    0.300    0.083   -0.048    0.244    0.508    0.250    0.286    0.462    0.588    0.256    0.613    0.570
1954    0.135   -0.390   -0.563   -0.596   -0.117   -0.163   -0.798   -0.774   -0.866   -0.122    0.308    0.099
1955    0.512    0.404    0.161    0.735    1.215    1.160    0.843    0.961    0.712    0.585    0.797    1.024
1956    0.658    0.240   -0.146    0.026    0.210   -0.344    0.138   -0.150   -0.121    0.173   -0.157   -0.105
1957   -0.322   -0.199    0.176   -0.091   -0.459   -0.148    0.281    0.457    0.279    0.160    0.064   -0.107
1958   -0.417    0.017    0.307    0.520    0.157   -0.422   -0.463   -0.124    0.616    0.095    0.121    0.076
1959    0.136    0.165   -0.082   -0.172   -0.201   -0.142   -0.038   -0.058    0.263    0.230   -0.354   -0.530
1960   -0.294   -0.127    0.189    0.238    0.477    0.375    0.084    0.313    0.202    0.035    0.316   -0.129
1961   -0.256    0.393    0.786    1.050    1.444    0.917    0.652    0.325    0.411    0.273   -0.087    0.827
1962    0.568    0.316    0.544    0.215    0.166   -0.097    0.387    0.452    0.724    0.654    0.041    0.278
1963    0.355    0.205    0.417    0.329   -0.192    0.154    0.292   -0.193   -0.836   -0.143    0.468    0.177
1964    0.319    0.429    0.558   -0.113    0.668    0.373    0.161    0.038    0.398    0.045    0.160   -0.246
1965   -0.441   -0.143    0.116   -0.165    0.142    0.160    0.035   -0.147   -0.361   -0.090   -0.054   -0.103
1966    0.324    0.799    0.601    0.635    0.522    0.269   -0.209   -0.153    0.146    0.110   -0.310   -0.336
1967   -0.069   -0.035    0.094   -0.012   -0.118   -0.059   -0.131   -0.126   -0.325   -0.166   -0.486   -0.289
1968   -0.448   -0.428   -0.371   -0.344   -0.279   -0.084    0.274    0.429    0.223    0.631    0.759    0.442
1969    0.706    0.748    1.058    0.602    0.605   -0.230    0.028    0.207   -0.244    0.028    0.277   -0.121
1970    0.187    0.101    0.100    0.285   -0.079    0.042   -0.106   -0.162   -0.197   -0.164   -0.133   -0.078
1971    0.215   -0.211   -0.242   -0.232   -0.253   -0.480   -0.083   -0.484   -0.433    0.331    0.102   -0.330
1972   -0.447   -0.473   -1.017   -0.625   -1.024   -1.232   -0.938   -0.348   -0.185   -0.310   -0.369   -0.483
1973   -0.472   -0.720   -0.379   -0.246   -0.127   -0.220   -0.164   -0.265   -0.073   -0.481    0.017   -0.102
1974   -0.237   -0.311   -0.516   -0.809   -0.464    0.035   -0.099   -0.141   -0.856   -0.881   -0.937   -0.486
1975   -0.193   -0.076   -0.384   -0.459   -0.697   -0.450   -0.027    0.409   -0.413   -0.497   -0.474   -0.648
1976   -0.362   -0.715   -0.567   -0.571   -0.443   -0.014    0.696    1.404    1.031    0.077   -0.480   -0.462
1977   -0.609   -0.388    0.275    0.000   -0.415   -0.463   -0.494   -0.956   -0.558   -0.526   -0.240    0.119
1978    0.201   -0.090   -0.031   -0.502   -0.469   -0.755   -0.984   -0.552    0.405    0.225    0.524    0.472
1979    0.504    0.531    0.007   -0.151   -0.470   -0.225   -0.291   -0.358   -0.253   -0.219   -0.455   -0.154
1980   -0.100   -0.094   -0.400    0.613    0.570    0.258   -0.291    0.048    0.457    0.080    0.208   -0.103
1981   -0.228   -0.493    0.106    0.039   -0.398    0.122   -0.338   -0.288    0.287    0.075    0.429    0.810
1982    0.782    0.499    0.347    0.448    0.373    0.402    0.292    0.013   -0.130   -0.142   -0.113   -0.129
1983   -0.162   -0.108    0.233    0.013   -0.156    0.071    0.331    0.036   -0.008    0.575    0.782    0.962
1984    0.146   -0.086   -0.138    0.312    0.311   -0.387   -0.071   -0.118   -0.013   -0.270   -0.036    0.117
1985   -0.150    0.145   -0.041    0.173    0.069    0.817    0.524   -0.001    0.270    0.627    0.731    0.478
1986   -0.038   -0.200   -0.248   -0.476   -0.247   -0.442   -0.096    0.091    0.343    0.096   -0.201   -0.113
1987   -0.131   -0.002    0.604    0.608    1.009    1.015    0.817    0.800    1.171    0.655    0.416    0.700
1988    0.565    0.037    0.107    0.398    0.640    0.504   -0.051   -0.051    0.154    0.025    0.647    0.635
1989    0.510    0.392    0.214   -0.319    0.488    1.172    1.348    1.344    0.615    0.732    0.229    0.802
1990    0.675    0.798    0.781    0.482    0.859    0.896    0.657    1.187    0.981    0.719    0.665    0.440
1991    0.250   -0.014    0.012   -0.077   -0.305   -0.207    0.011    0.377    1.035   -0.004    0.042    0.254
1992    0.440    0.219   -0.068   -0.493   -0.224   -0.299    0.062    0.033   -0.226   -0.379   -0.212    0.093
1993    0.084    0.124    0.142    0.166    0.102    0.121   -0.253   -0.180    0.041   -0.617   -0.520   -0.277
1994   -0.456   -0.359   -0.100   -0.045    0.080    0.120    0.002   -0.051   -0.286   -0.011    0.675    0.968
1995    0.528    0.625    0.182    0.439    1.036    1.016    1.014    1.067    0.641    0.719    1.061    0.704
1996    0.866    0.475    0.307    0.682    0.743    0.613    0.582    0.489    0.301    0.084    0.139   -0.062
1997    0.089    0.527    0.864    0.838    1.057    1.145    0.642    0.740    0.837    1.117    1.049    1.160
1998    1.185    1.340    1.319    0.832    0.629    0.396    0.272    0.261    0.444    0.521    0.833    0.836
1999    0.418    0.295    0.033    0.350    0.938    0.716    0.667    0.768    0.845    0.488    0.380    0.179
2000   -0.237    0.184    0.460    0.307    0.621    0.379    0.261    0.655    0.510    0.072   -0.015    0.380
2001    0.428    0.351    0.611    0.612    0.776    1.140    0.601    0.725    0.963    1.217    0.890    0.928
2002    0.898    1.026    0.765    0.174    0.270    0.024   -0.125    0.141    0.405    0.718    0.859    0.807
2003    0.857    0.511    0.750    0.817    0.858    1.239    1.115    1.465    1.398    1.248    0.542    0.747
2004    0.801    0.954    0.733    0.364    0.253    1.120    1.019    1.397    0.973    0.846    0.852    0.776
2005    0.253   -0.017    0.441    0.769    0.858    1.071    0.899    0.781    0.758    0.762    0.862    0.712
2006    0.264    0.263    0.438    0.969    1.165    1.000    0.830    0.955    1.282    1.149    1.477    1.131
2007    0.992    1.008    0.994    0.885    0.892    0.637    0.610    0.407    0.376    0.618    0.837    0.802
2008    0.777    1.019    1.075    0.844    1.426    0.982    0.712    0.647    0.664    0.378   -0.033   -0.294
2009   -0.245   -0.307    0.074    0.132    0.283    0.951    1.451    1.091    1.024    1.398    1.255    1.152
2010    0.913    1.015    1.185    1.342    1.273    1.135    0.589    0.581    0.962    0.739    0.728    0.919
2011    0.887    0.687    0.585    1.236    1.462    1.016    0.592    0.534    0.823    1.122    0.680    0.530
2012    0.237   -0.212   -0.115   -0.030    0.550    0.948    0.711    1.089    1.285    1.062    0.938    0.647
2013    0.834    0.596    1.001    0.836    0.431   -0.240    0.270    0.656    0.527    1.338    0.772    0.710
2014    0.345    0.126   -0.084    0.231    0.584    0.575    0.713    0.762    1.551    1.332    1.016    0.484
2015    0.043   -0.323   -0.598    0.022    0.627    0.329    1.003    0.779    0.710    1.063    1.092    1.159
2016    1.325    0.918    0.386    0.215    0.212    0.742    0.372    0.372    0.590    0.706    0.811    0.836
2017    0.609    0.389    0.428    1.004    1.424    1.531    0.816    0.842    0.733    1.008    1.151    0.872
2018    0.403    0.026    0.332    0.146   -0.261   -0.036    0.188    0.155   -0.116    0.436    0.049    0.643
2019    0.799    0.685    0.882    0.553    0.591    0.420    0.580    0.511    0.384    0.343    0.069    0.386
2020    0.717    1.344    1.060    1.143    1.436    1.275    0.687    0.947    0.751    0.468    0.490    0.576
2021    0.174    0.576    0.519    0.812    0.706    0.499    0.340    0.453    1.440    1.459    1.134    0.607
2022    0.712    0.573    0.193    0.550    1.138    1.053    0.588    0.546    1.016    0.829    1.168    1.151
