1880	0.461538
1880.083333	0.461538
1880.166667	0.492308
1880.25	1.07692
1880.333333	0.976923
1880.416667	0.846154
1880.5	1.20769
1880.583333	1.21538
1880.666667	1.46923
1880.75	1.65385
1880.833333	1.68462
1880.916667	1.54615
1881	1.4
1881.083333	1.19231
1881.166667	1.33077
1881.25	1.31538
1881.333333	0.846154
1881.416667	0.715385
1881.5	0.469231
1881.583333	-0.0307692
1881.666667	-0.376923
1881.75	-0.453846
1881.833333	-0.5
1881.916667	-0.438462
1882	-0.484615
1882.083333	-0.407692
1882.166667	-0.6
1882.25	-0.792308
1882.333333	-0.984615
1882.416667	-0.769231
1882.5	-0.615385
1882.583333	-0.723077
1882.666667	-0.492308
1882.75	-0.315385
1882.833333	-0.515385
1882.916667	-0.438462
1883	-0.238462
1883.083333	-0.2
1883.166667	-0.0923077
1883.25	-0.161538
1883.333333	-0.284615
1883.416667	-0.215385
1883.5	-0.376923
1883.583333	-0.384615
1883.666667	-0.3
1883.75	-0.330769
1883.833333	-0.253846
1883.916667	-0.223077
1884	-0.169231
1884.083333	-0.430769
1884.166667	-0.438462
1884.25	-0.6
1884.333333	-0.323077
1884.416667	-0.338462
1884.5	-0.253846
1884.583333	-0.0615385
1884.666667	-0.0692308
1884.75	-0.0615385
1884.833333	-0.0923077
1884.916667	-0.2
1885	-0.153846
1885.083333	-0.00769231
1885.166667	-0.0846154
1885.25	0.0461538
1885.333333	0.246154
1885.416667	0.261538
1885.5	0.4
1885.583333	0.376923
1885.666667	0.307692
1885.75	0.469231
1885.833333	0.653846
1885.916667	0.469231
1886	0.546154
1886.083333	0.338462
1886.166667	0.0538462
1886.25	0.146154
1886.333333	0
1886.416667	-0.0769231
1886.5	-0.307692
1886.583333	-0.369231
1886.666667	-0.230769
1886.75	-0.0538462
1886.833333	-0.184615
1886.916667	-0.123077
1887	-0.0384615
1887.083333	0.192308
1887.166667	0.476923
1887.25	0.638462
1887.333333	0.776923
1887.416667	1.10769
1887.5	1.20769
1887.583333	1.46154
1887.666667	1.66154
1887.75	1.57692
1887.833333	1.44615
1887.916667	1.61538
1888	1.59231
1888.083333	1.6
1888.166667	1.65385
1888.25	1.83846
1888.333333	1.41538
1888.416667	1.22308
1888.5	0.923077
1888.583333	0.792308
1888.666667	0.684615
1888.75	0.438462
1888.833333	0.338462
1888.916667	0.0923077
1889	0.192308
1889.083333	-0.0538462
1889.166667	0.00769231
1889.25	-0.3
1889.333333	-0.669231
1889.416667	-0.738462
1889.5	-0.807692
1889.583333	-0.661538
1889.666667	-0.8
1889.75	-0.953846
1889.833333	-0.776923
1889.916667	-0.869231
1890	-0.846154
1890.083333	-1.16154
1890.166667	-1.14615
1890.25	-1.23846
1890.333333	-1.36923
1890.416667	-1.17692
1890.5	-0.953846
1890.583333	-0.846154
1890.666667	-0.807692
1890.75	-0.530769
1890.833333	-0.330769
1890.916667	-0.0692308
1891	0.276923
1891.083333	0.369231
1891.166667	0.330769
1891.25	0.346154
1891.333333	0.346154
1891.416667	0.423077
1891.5	0.323077
1891.583333	0.476923
1891.666667	0.653846
1891.75	0.607692
1891.833333	0.653846
1891.916667	0.715385
1892	0.407692
1892.083333	0.207692
1892.166667	0.0538462
1892.25	0.423077
1892.333333	0.453846
1892.416667	0.553846
1892.5	0.846154
1892.583333	0.823077
1892.666667	0.715385
1892.75	0.623077
1892.833333	0.669231
1892.916667	0.7
1893	0.561538
1893.083333	0.776923
1893.166667	0.630769
1893.25	0.769231
1893.333333	0.7
1893.416667	0.576923
1893.5	0.438462
1893.583333	0.0384615
1893.666667	-0.0307692
1893.75	-0.2
1893.833333	-0.153846
1893.916667	-0.453846
1894	-0.746154
1894.083333	-0.753846
1894.166667	-0.661538
1894.25	-0.292308
1894.333333	-0.430769
1894.416667	-0.653846
1894.5	-0.346154
1894.583333	0.0692308
1894.666667	0.230769
1894.75	0.415385
1894.833333	0.507692
1894.916667	0.476923
1895	0.676923
1895.083333	0.807692
1895.166667	0.823077
1895.25	0.730769
1895.333333	0.538462
1895.416667	0.746154
1895.5	0.861538
1895.583333	0.661538
1895.666667	0.0846154
1895.75	-0.0307692
1895.833333	-0.176923
1895.916667	-0.0846154
1896	-0.292308
1896.083333	-0.284615
1896.166667	-0.315385
1896.25	-0.115385
1896.333333	-0.261538
1896.416667	-0.446154
1896.5	-0.369231
1896.583333	-0.523077
1896.666667	-0.530769
1896.75	-0.607692
1896.833333	-0.423077
1896.916667	-0.130769
1897	-0.1
1897.083333	-0.0307692
1897.166667	-0.107692
1897.25	0.0461538
1897.333333	-0.107692
1897.416667	-0.223077
1897.5	-0.176923
1897.583333	-0.384615
1897.666667	-0.261538
1897.75	-0.353846
1897.833333	0.00769231
1897.916667	0.130769
1898	0.0461538
1898.083333	-0.115385
1898.166667	0.0538462
1898.25	0.2
1898.333333	-0.0307692
1898.416667	-0.115385
1898.5	0.0307692
1898.583333	0.246154
1898.666667	0.5
1898.75	0.484615
1898.833333	0.761538
1898.916667	0.569231
1899	0.3
1899.083333	0.384615
1899.166667	0.361538
1899.25	0.453846
1899.333333	0.338462
1899.416667	0.476923
1899.5	0.384615
1899.583333	0.523077
1899.666667	0.561538
1899.75	0.338462
1899.833333	0.261538
1899.916667	0.207692
1900	0.392308
1900.083333	0.507692
1900.166667	0.130769
1900.25	0.261538
1900.333333	-0.0615385
1900.416667	-0.107692
1900.5	-0.176923
1900.583333	0.184615
1900.666667	-0.00769231
1900.75	-0.269231
1900.833333	-0.0769231
1900.916667	-0.146154
1901	-0.292308
1901.083333	-0.446154
1901.166667	-0.5
1901.25	-0.476923
1901.333333	-0.315385
1901.416667	-0.153846
1901.5	-0.0384615
1901.583333	0.176923
1901.666667	-0.1
1901.75	0
1901.833333	0.0307692
1901.916667	0.207692
1902	0.515385
1902.083333	0.730769
1902.166667	0.976923
1902.25	1.03077
1902.333333	1.18462
1902.416667	0.953846
1902.5	0.953846
1902.583333	0.792308
1902.666667	0.3
1902.75	0.361538
1902.833333	0.123077
1902.916667	0.469231
1903	0.184615
1903.083333	-0.0615385
1903.166667	-0.138462
1903.25	-0.238462
1903.333333	-0.261538
1903.416667	-0.3
1903.5	-0.392308
1903.583333	-0.453846
1903.666667	-0.361538
1903.75	-0.4
1903.833333	-0.469231
1903.916667	-0.323077
1904	-0.476923
1904.083333	-0.353846
1904.166667	-0.376923
1904.25	-0.438462
1904.333333	-0.469231
1904.416667	-0.307692
1904.5	-0.3
1904.583333	-0.269231
1904.666667	-0.330769
1904.75	-0.153846
1904.833333	0.0538462
1904.916667	0.169231
1905	0.0769231
1905.083333	-0.0846154
1905.166667	-0.330769
1905.25	-0.1
1905.333333	-0.153846
1905.416667	-0.169231
1905.5	-0.407692
1905.583333	-0.515385
1905.666667	-0.376923
1905.75	-0.438462
1905.833333	-0.346154
1905.916667	-0.115385
1906	-0.392308
1906.083333	-0.215385
1906.166667	-0.269231
1906.25	-0.284615
1906.333333	-0.438462
1906.416667	-0.484615
1906.5	-0.569231
1906.583333	-0.553846
1906.666667	-0.661538
1906.75	-0.815385
1906.833333	-0.407692
1906.916667	-0.684615
1907	-0.623077
1907.083333	-0.361538
1907.166667	-0.492308
1907.25	-0.407692
1907.333333	-0.430769
1907.416667	-0.469231
1907.5	-0.423077
1907.583333	-0.515385
1907.666667	-0.569231
1907.75	-0.230769
1907.833333	-0.192308
1907.916667	-0.492308
1908	-0.407692
1908.083333	-0.561538
1908.166667	-0.623077
1908.25	-0.553846
1908.333333	-0.561538
1908.416667	-0.561538
1908.5	-0.623077
1908.583333	-0.546154
1908.666667	-0.246154
1908.75	-0.1
1908.833333	-0.0307692
1908.916667	0.123077
1909	-0.0461538
1909.083333	-0.269231
1909.166667	-0.176923
1909.25	-0.315385
1909.333333	-0.246154
1909.416667	-0.0384615
1909.5	-0.0538462
1909.583333	-0.207692
1909.666667	-0.346154
1909.75	-0.415385
1909.833333	-0.584615
1909.916667	-0.776923
1910	-0.8
1910.083333	-0.446154
1910.166667	-0.153846
1910.25	-0.215385
1910.333333	0.0923077
1910.416667	-0.0230769
1910.5	-0.276923
1910.583333	-0.184615
1910.666667	0.0615385
1910.75	0.246154
1910.833333	-0.0769231
1910.916667	0.123077
1911	0.292308
1911.083333	0.323077
1911.166667	0.230769
1911.25	0.184615
1911.333333	0.0846154
1911.416667	-0.130769
1911.5	-0.0769231
1911.583333	0.169231
1911.666667	0.0846154
1911.75	0.0153846
1911.833333	-0.0846154
1911.916667	0.161538
1912	0.215385
1912.083333	0.184615
1912.166667	0.284615
1912.25	0.161538
1912.333333	0.0384615
1912.416667	-0.0692308
1912.5	-0.0384615
1912.583333	-0.146154
1912.666667	-0.569231
1912.75	-0.630769
1912.833333	-0.646154
1912.916667	-0.730769
1913	-0.653846
1913.083333	-0.784615
1913.166667	-0.769231
1913.25	-0.8
1913.333333	-0.961538
1913.416667	-0.915385
1913.5	-0.730769
1913.583333	-0.8
1913.666667	-0.876923
1913.75	-0.746154
1913.833333	-0.753846
1913.916667	-0.838462
1914	-0.669231
1914.083333	-0.8
1914.166667	-0.707692
1914.25	-0.8
1914.333333	-0.953846
1914.416667	-0.784615
1914.5	-0.823077
1914.583333	-0.930769
1914.666667	-0.576923
1914.75	-0.715385
1914.833333	-0.4
1914.916667	0.0153846
1915	0.176923
1915.083333	0.338462
1915.166667	0.546154
1915.25	0.423077
1915.333333	0.607692
1915.416667	0.823077
1915.5	0.776923
1915.583333	0.692308
1915.666667	0.992308
1915.75	0.669231
1915.833333	0.930769
1915.916667	0.869231
1916	0.638462
1916.083333	0.784615
1916.166667	0.669231
1916.25	0.330769
1916.333333	0.461538
1916.416667	0.530769
1916.5	0.5
1916.583333	0.746154
1916.666667	0.923077
1916.75	0.892308
1916.833333	1.18462
1916.916667	1.12308
1917	1.10769
1917.083333	1.16923
1917.166667	0.907692
1917.25	0.684615
1917.333333	0.738462
1917.416667	0.853846
1917.5	0.915385
1917.583333	0.546154
1917.666667	0.392308
1917.75	0.392308
1917.833333	0.161538
1917.916667	-0.169231
1918	0.1
1918.083333	-0.123077
1918.166667	-0.215385
1918.25	-0.230769
1918.333333	-0.115385
1918.416667	-0.0384615
1918.5	-0.176923
1918.583333	-0.315385
1918.666667	-0.0923077
1918.75	-0.107692
1918.833333	-0.0846154
1918.916667	-0.307692
1919	-0.1
1919.083333	-0.407692
1919.166667	-0.376923
1919.25	-0.223077
1919.333333	0.0538462
1919.416667	-0.1
1919.5	-0.223077
1919.583333	-0.3
1919.666667	-0.784615
1919.75	-0.676923
1919.833333	-0.776923
1919.916667	-0.807692
1920	-0.792308
1920.083333	-0.807692
1920.166667	-0.830769
1920.25	-0.753846
1920.333333	-1.00769
1920.416667	-0.992308
1920.5	-0.938462
1920.583333	-0.784615
1920.666667	-0.946154
1920.75	-0.630769
1920.833333	-0.984615
1920.916667	-0.730769
1921	-0.661538
1921.083333	-0.484615
1921.166667	-0.546154
1921.25	-0.353846
1921.333333	-0.323077
1921.416667	-0.369231
1921.5	-0.553846
1921.583333	-0.630769
1921.666667	-0.646154
1921.75	-0.4
1921.833333	-0.546154
1921.916667	-0.553846
1922	-0.784615
1922.083333	-1
1922.166667	-1.06923
1922.25	-0.8
1922.333333	-0.869231
1922.416667	-0.976923
1922.5	-0.884615
1922.583333	-0.9
1922.666667	-0.7
1922.75	-0.7
1922.833333	-0.646154
1922.916667	-0.6
1923	-0.561538
1923.083333	-0.423077
1923.166667	-0.438462
1923.25	-0.407692
1923.333333	-0.707692
1923.416667	-0.823077
1923.5	-0.792308
1923.583333	-0.615385
1923.666667	-0.284615
1923.75	-0.115385
1923.833333	-0.0538462
1923.916667	-0.107692
1924	-0.161538
1924.083333	-0.115385
1924.166667	-0.192308
1924.25	-0.107692
1924.333333	-0.0538462
1924.416667	-0.253846
1924.5	-0.238462
1924.583333	-0.361538
1924.666667	-0.338462
1924.75	-0.769231
1924.833333	-1.07692
1924.916667	-1.18462
1925	-1.4
1925.083333	-1.36923
1925.166667	-1.22308
1925.25	-1.00769
1925.333333	-0.830769
1925.416667	-0.453846
1925.5	-0.261538
1925.583333	-0.215385
1925.666667	-0.0769231
1925.75	-0.230769
1925.833333	0.0384615
1925.916667	0.315385
1926	0.346154
1926.083333	0.492308
1926.166667	0.661538
1926.25	0.869231
1926.333333	0.584615
1926.416667	0.530769
1926.5	0.0538462
1926.583333	0.0538462
1926.666667	-0.0615385
1926.75	-0.115385
1926.833333	0.130769
1926.916667	0.0384615
1927	-0.0769231
1927.083333	-0.0384615
1927.166667	0.0230769
1927.25	0.184615
1927.333333	-0.0692308
1927.416667	0.361538
1927.5	0.0615385
1927.583333	0.0769231
1927.666667	0.176923
1927.75	0.261538
1927.833333	0.569231
1927.916667	0.615385
1928	0.538462
1928.083333	0.630769
1928.166667	0.723077
1928.25	0.569231
1928.333333	0.192308
1928.416667	0.184615
1928.5	0.230769
1928.583333	0.484615
1928.666667	0.723077
1928.75	0.876923
1928.833333	0.761538
1928.916667	0.576923
1929	0.361538
1929.083333	0.4
1929.166667	0.184615
1929.25	-0.0384615
1929.333333	-0.0307692
1929.416667	-0.1
1929.5	-0.161538
1929.583333	-0.461538
1929.666667	-0.4
1929.75	-0.484615
1929.833333	-0.907692
1929.916667	-0.946154
1930	-0.961538
1930.083333	-0.969231
1930.166667	-0.730769
1930.25	-0.676923
1930.333333	-0.607692
1930.416667	-0.623077
1930.5	-0.415385
1930.583333	-0.446154
1930.666667	-0.2
1930.75	-0.369231
1930.833333	-0.338462
1930.916667	0
1931	0.0538462
1931.083333	0.161538
1931.166667	0.269231
1931.25	0.123077
1931.333333	-0.0153846
1931.416667	0.0615385
1931.5	0.138462
1931.583333	0.4
1931.666667	0.638462
1931.75	0.323077
1931.833333	0.523077
1931.916667	0.569231
1932	0.284615
1932.083333	0.323077
1932.166667	0.153846
1932.25	-0.0923077
1932.333333	-0.2
1932.416667	-0.0230769
1932.5	-0.138462
1932.583333	0.107692
1932.666667	-0.215385
1932.75	-0.169231
1932.833333	-0.138462
1932.916667	-0.423077
1933	-0.7
1933.083333	-0.7
1933.166667	-0.546154
1933.25	-0.361538
1933.333333	-0.246154
1933.416667	-0.161538
1933.5	-0.284615
1933.583333	-0.215385
1933.666667	-0.546154
1933.75	-0.338462
1933.833333	-0.7
1933.916667	-0.523077
1934	-0.384615
1934.083333	-0.392308
1934.166667	-0.415385
1934.25	-0.515385
1934.333333	-0.638462
1934.416667	-0.530769
1934.5	-0.569231
1934.583333	-0.607692
1934.666667	-0.576923
1934.75	-0.253846
1934.833333	-0.269231
1934.916667	-0.115385
1935	-0.561538
1935.083333	-0.684615
1935.166667	-0.530769
1935.25	-0.646154
1935.333333	-0.707692
1935.416667	-0.615385
1935.5	-0.469231
1935.583333	-0.276923
1935.666667	-0.0384615
1935.75	0.0461538
1935.833333	-0.176923
1935.916667	-0.353846
1936	-0.376923
1936.083333	-0.246154
1936.166667	0.0846154
1936.25	-0.0692308
1936.333333	0.0615385
1936.416667	0.0923077
1936.5	-0.0846154
1936.583333	-0.323077
1936.666667	-0.369231
1936.75	-0.515385
1936.833333	-0.715385
1936.916667	-0.6
1937	-0.553846
1937.083333	-0.569231
1937.166667	-0.515385
1937.25	-0.646154
1937.333333	-0.223077
1937.416667	0.00769231
1937.5	-0.0615385
1937.583333	0.0461538
1937.666667	-0.130769
1937.75	-0.138462
1937.833333	-0.146154
1937.916667	-0.115385
1938	-0.330769
1938.083333	-0.438462
1938.166667	-0.461538
1938.25	-0.646154
1938.333333	-0.853846
1938.416667	-1.14615
1938.5	-1.06923
1938.583333	-1.06923
1938.666667	-1.18462
1938.75	-0.969231
1938.833333	-1.13846
1938.916667	-1.02308
1939	-0.876923
1939.083333	-0.807692
1939.166667	-0.4
1939.25	-0.230769
1939.333333	-0.0538462
1939.416667	0.238462
1939.5	0.492308
1939.583333	0.492308
1939.666667	0.776923
1939.75	0.869231
1939.833333	0.853846
1939.916667	0.738462
1940	0.661538
1940.083333	0.561538
1940.166667	0.653846
1940.25	0.361538
1940.333333	0.2
1940.416667	0.323077
1940.5	0.415385
1940.583333	0.284615
1940.666667	0.192308
1940.75	0.207692
1940.833333	0.146154
1940.916667	0.107692
1941	0.115385
1941.083333	0.146154
1941.166667	0.292308
1941.25	0.384615
1941.333333	0.384615
1941.416667	0.438462
1941.5	0.307692
1941.583333	0.292308
1941.666667	0.376923
1941.75	0.338462
1941.833333	0.215385
1941.916667	0.392308
1942	0.3
1942.083333	0.292308
1942.166667	0.146154
1942.25	-0.0230769
1942.333333	0.00769231
1942.416667	-0.0307692
1942.5	0.0846154
1942.583333	0
1942.666667	-0.261538
1942.75	-0.676923
1942.833333	-0.753846
1942.916667	-0.815385
1943	-1
1943.083333	-0.761538
1943.166667	-0.823077
1943.25	-0.723077
1943.333333	-0.769231
1943.416667	-0.969231
1943.5	-1.02308
1943.583333	-1.06154
1943.666667	-0.715385
1943.75	-0.630769
1943.833333	-0.423077
1943.916667	-0.346154
1944	-0.0615385
1944.083333	-0.161538
1944.166667	-0.369231
1944.25	-0.323077
1944.333333	-0.3
1944.416667	-0.269231
1944.5	-0.0153846
1944.583333	-0.130769
1944.666667	-0.207692
1944.75	-0.176923
1944.833333	-0.184615
1944.916667	-0.169231
1945	-0.215385
1945.083333	-0.553846
1945.166667	-0.461538
1945.25	-0.230769
1945.333333	0.146154
1945.416667	0.346154
1945.5	0.330769
1945.583333	0.176923
1945.666667	0.353846
1945.75	0.184615
1945.833333	0.207692
1945.916667	-0.0230769
1946	-0.161538
1946.083333	-0.3
1946.166667	-0.292308
1946.25	-0.0461538
1946.333333	-0.123077
1946.416667	-0.469231
1946.5	-0.615385
1946.583333	-0.184615
1946.666667	0.0153846
1946.75	-0.223077
1946.833333	0.0230769
1946.916667	-0.161538
1947	0.00769231
1947.083333	0.2
1947.166667	0.169231
1947.25	0.284615
1947.333333	0.223077
1947.416667	0.315385
1947.5	0.392308
1947.583333	0.415385
1947.666667	-0.0615385
1947.75	-0.4
1947.833333	-0.115385
1947.916667	-0.1
1948	-0.0615385
1948.083333	-0.00769231
1948.166667	-0.0307692
1948.25	0.0384615
1948.333333	0.146154
1948.416667	0.0384615
1948.5	-0.192308
1948.583333	-0.292308
1948.666667	-0.315385
1948.75	-0.353846
1948.833333	-0.223077
1948.916667	-0.123077
1949	-0.0923077
1949.083333	-0.0538462
1949.166667	-0.00769231
1949.25	-0.00769231
1949.333333	-0.0153846
1949.416667	-0.169231
1949.5	-0.207692
1949.583333	-0.253846
1949.666667	-0.107692
1949.75	-0.246154
1949.833333	0.115385
1949.916667	0.115385
1950	-0.00769231
1950.083333	-0.176923
1950.166667	-0.492308
1950.25	-0.646154
1950.333333	-0.592308
1950.416667	-0.392308
1950.5	-0.438462
1950.583333	-0.546154
1950.666667	-0.269231
1950.75	-0.146154
1950.833333	0.115385
1950.916667	0.161538
1951	0.176923
1951.083333	0
1951.166667	0.0923077
1951.25	0.207692
1951.333333	0.307692
1951.416667	0.0769231
1951.5	-0.153846
1951.583333	0.0153846
1951.666667	0.284615
1951.75	-0.0461538
1951.833333	-0.0153846
1951.916667	-0.138462
1952	-0.423077
1952.083333	-0.407692
1952.166667	-0.1
1952.25	-0.0692308
1952.333333	0.184615
1952.416667	0.238462
1952.5	0.515385
1952.583333	0.623077
1952.666667	0.492308
1952.75	0.538462
1952.833333	0.8
1952.916667	0.530769
1953	0.346154
1953.083333	0.253846
1953.166667	0.107692
1953.25	-0.153846
1953.333333	-0.330769
1953.416667	-0.538462
1953.5	-0.623077
1953.583333	-0.838462
1953.666667	-0.846154
1953.75	-0.876923
1953.833333	-0.961538
1953.916667	-1.13846
1954	-1.27692
1954.083333	-1.10769
1954.166667	-1.13077
1954.25	-1.1
1954.333333	-1.13846
1954.416667	-1.1
1954.5	-0.876923
1954.583333	-0.684615
1954.666667	-0.361538
1954.75	-0.369231
1954.833333	-0.3
1954.916667	-0.407692
1955	-0.430769
1955.083333	-0.276923
1955.166667	-0.561538
1955.25	-0.276923
1955.333333	0.0384615
1955.416667	0.261538
1955.5	0.446154
1955.583333	0.461538
1955.666667	0.246154
1955.75	0.169231
1955.833333	-0.146154
1955.916667	-0.223077
1956	-0.176923
1956.083333	0.0230769
1956.166667	0.176923
1956.25	0.392308
1956.333333	0.161538
1956.416667	-0.207692
1956.5	-0.407692
1956.583333	-0.392308
1956.666667	-0.430769
1956.75	-0.461538
1956.833333	-0.607692
1956.916667	0.00769231
1957	0.207692
1957.083333	0.0846154
1957.166667	0.138462
1957.25	-0.107692
1957.333333	0.107692
1957.416667	0.138462
1957.5	0.315385
1957.583333	0.638462
1957.666667	0.753846
1957.75	0.507692
1957.833333	0.630769
1957.916667	0.807692
1958	0.730769
1958.083333	0.646154
1958.166667	0.807692
1958.25	0.538462
1958.333333	0.6
1958.416667	0.530769
1958.5	0.861538
1958.583333	0.692308
1958.666667	0.376923
1958.75	0.123077
1958.833333	0.269231
1958.916667	0.115385
1959	-0.184615
1959.083333	-0.330769
1959.166667	-0.353846
1959.25	-0.569231
1959.333333	-0.538462
1959.416667	-0.561538
1959.5	-0.484615
1959.583333	-0.461538
1959.666667	-0.276923
1959.75	-0.261538
1959.833333	-0.2
1959.916667	-0.276923
1960	-0.323077
1960.083333	0.0923077
1960.166667	-0.0307692
1960.25	0.176923
1960.333333	0.253846
1960.416667	0.184615
1960.5	0.269231
1960.583333	0.0384615
1960.666667	-0.238462
1960.75	-0.2
1960.833333	0.00769231
1960.916667	-0.261538
1961	-0.238462
1961.083333	-0.184615
1961.166667	-0.615385
1961.25	-0.646154
1961.333333	-0.853846
1961.416667	-0.469231
1961.5	-0.469231
1961.583333	-0.469231
1961.666667	-0.0692308
1961.75	-0.0769231
1961.833333	-0.153846
1961.916667	-0.215385
1962	0.238462
1962.083333	0.192308
1962.166667	0.338462
1962.25	0.5
1962.333333	0.669231
1962.416667	0.746154
1962.5	0.792308
1962.583333	1.04615
1962.666667	1.04615
1962.75	0.792308
1962.833333	0.423077
1962.916667	0.538462
1963	0.684615
1963.083333	0.476923
1963.166667	0.392308
1963.25	0.184615
1963.333333	0.276923
1963.416667	0.438462
1963.5	0.461538
1963.583333	0.184615
1963.666667	0.192308
1963.75	0.169231
1963.833333	-0.0230769
1963.916667	0.4
1964	0.138462
1964.083333	0.192308
1964.166667	0.284615
1964.25	0.346154
1964.333333	0.469231
1964.416667	0.376923
1964.5	0.2
1964.583333	0.369231
1964.666667	0.346154
1964.75	0.0153846
1964.833333	0.161538
1964.916667	0.2
1965	0.246154
1965.083333	0.323077
1965.166667	0.107692
1965.25	0.0846154
1965.333333	0.323077
1965.416667	0.307692
1965.5	0.576923
1965.583333	0.753846
1965.666667	0.438462
1965.75	0.430769
1965.833333	0.484615
1965.916667	0.361538
1966	0.384615
1966.083333	0.538462
1966.166667	0.676923
1966.25	0.923077
1966.333333	0.823077
1966.416667	0.538462
1966.5	0.715385
1966.583333	0.338462
1966.666667	-0.0384615
1966.75	-0.0615385
1966.833333	-0.115385
1966.916667	-0.1
1967	0.00769231
1967.083333	0.0538462
1967.166667	-0.176923
1967.25	-0.423077
1967.333333	-0.761538
1967.416667	-0.638462
1967.5	-0.538462
1967.583333	-0.530769
1967.666667	-0.553846
1967.75	-0.223077
1967.833333	-0.107692
1967.916667	-0.161538
1968	0.276923
1968.083333	0.323077
1968.166667	0.415385
1968.25	0.661538
1968.333333	0.946154
1968.416667	1.13077
1968.5	1.31538
1968.583333	1.6
1968.666667	1.66923
1968.75	1.68462
1968.833333	1.63846
1968.916667	1.57692
1969	1.50769
1969.083333	1.27692
1969.166667	1.05385
1969.25	0.938462
1969.333333	0.746154
1969.416667	0.515385
1969.5	0.630769
1969.583333	0.292308
1969.666667	0.146154
1969.75	-0.123077
1969.833333	-0.161538
1969.916667	-0.307692
1970	-0.269231
1970.083333	-0.130769
1970.166667	-0.2
1970.25	-0.0153846
1970.333333	0.0230769
1970.416667	0.0923077
1970.5	0.284615
1970.583333	-0.0153846
1970.666667	0.0538462
1970.75	0.0923077
1970.833333	-0.0230769
1970.916667	0.276923
1971	0.469231
1971.083333	0.261538
1971.166667	0.353846
1971.25	0.407692
1971.333333	0.276923
1971.416667	0.215385
1971.5	0.0692308
1971.583333	-0.0692308
1971.666667	-0.0769231
1971.75	-0.153846
1971.833333	-0.5
1971.916667	-0.553846
1972	-0.638462
1972.083333	-0.792308
1972.166667	-0.384615
1972.25	-0.415385
1972.333333	-0.546154
1972.416667	-0.592308
1972.5	-0.569231
1972.583333	-0.715385
1972.666667	-0.738462
1972.75	-0.4
1972.833333	-0.246154
1972.916667	-0.184615
1973	0.0153846
1973.083333	-0.107692
1973.166667	-0.0769231
1973.25	-0.230769
1973.333333	-0.246154
1973.416667	-0.146154
1973.5	-0.184615
1973.583333	-0.230769
1973.666667	-0.0769231
1973.75	0.0230769
1973.833333	-0.207692
1973.916667	-0.192308
1974	-0.130769
1974.083333	-0.0923077
1974.166667	-0.107692
1974.25	-0.123077
1974.333333	-0.269231
1974.416667	-0.5
1974.5	-0.6
1974.583333	-0.384615
1974.666667	-0.276923
1974.75	-0.261538
1974.833333	-0.215385
1974.916667	-0.169231
1975	-0.192308
1975.083333	-0.0769231
1975.166667	-0.230769
1975.25	-0.0769231
1975.333333	-0.176923
1975.416667	-0.0692308
1975.5	0.0153846
1975.583333	0.0230769
1975.666667	-0.2
1975.75	-0.253846
1975.833333	-0.446154
1975.916667	-0.576923
1976	-0.415385
1976.083333	-0.269231
1976.166667	0.0538462
1976.25	0.0846154
1976.333333	-0.0846154
1976.416667	0.207692
1976.5	0.292308
1976.583333	0.423077
1976.666667	0.553846
1976.75	0.684615
1976.833333	0.746154
1976.916667	1.06154
1977	1.07692
1977.083333	0.884615
1977.166667	0.753846
1977.25	0.346154
1977.333333	0.523077
1977.416667	0.738462
1977.5	0.415385
1977.583333	0.523077
1977.666667	0.223077
1977.75	0.330769
1977.833333	0.261538
1977.916667	0.138462
1978	0.2
1978.083333	0.4
1978.166667	0.346154
1978.25	0.292308
1978.333333	0.138462
1978.416667	0.323077
1978.5	0.4
1978.583333	0.6
1978.666667	0.269231
1978.75	0.607692
1978.833333	0.469231
1978.916667	0.538462
1979	0.592308
1979.083333	0.415385
1979.166667	0.223077
1979.25	0.223077
1979.333333	0.107692
1979.416667	0.215385
1979.5	0.107692
1979.583333	-0.130769
1979.666667	-0.207692
1979.75	-0.1
1979.833333	-0.0538462
1979.916667	-0.161538
1980	0.00769231
1980.083333	0.207692
1980.166667	0.0846154
1980.25	0.215385
1980.333333	0.438462
1980.416667	0.423077
1980.5	0.446154
1980.583333	0.223077
1980.666667	0.346154
1980.75	0.438462
1980.833333	0.415385
1980.916667	0.392308
1981	0.369231
1981.083333	0.215385
1981.166667	0.0769231
1981.25	0.176923
1981.333333	0.138462
1981.416667	0.0538462
1981.5	0.269231
1981.583333	0.215385
1981.666667	0.115385
1981.75	0.0769231
1981.833333	-0.0923077
1981.916667	0.146154
1982	0.0692308
1982.083333	0
1982.166667	-0.00769231
1982.25	-0.115385
1982.333333	-0.261538
1982.416667	-0.523077
1982.5	-0.846154
1982.583333	-0.861538
1982.666667	-0.884615
1982.75	-0.6
1982.833333	-0.615385
1982.916667	-0.584615
1983	-0.776923
1983.083333	-0.946154
1983.166667	-0.607692
1983.25	-0.723077
1983.333333	-0.361538
1983.416667	-0.215385
1983.5	-0.276923
1983.583333	-0.2
1983.666667	-0.138462
1983.75	0.0923077
1983.833333	-0.123077
1983.916667	-0.176923
1984	0
1984.083333	-0.0769231
1984.166667	0
1984.25	-0.246154
1984.333333	-0.115385
1984.416667	-0.507692
1984.5	-0.276923
1984.583333	0.1
1984.666667	0.176923
1984.75	0.0153846
1984.833333	0.00769231
1984.916667	0.276923
1985	0.276923
1985.083333	0.0538462
1985.166667	0.223077
1985.25	0.284615
1985.333333	0.569231
1985.416667	0.684615
1985.5	0.615385
1985.583333	0.615385
1985.666667	0.2
1985.75	0.246154
1985.833333	0.0769231
1985.916667	-0.0384615
1986	-0.230769
1986.083333	0.0769231
1986.166667	0.423077
1986.25	0.0153846
1986.333333	-0.269231
1986.416667	-0.6
1986.5	-0.423077
1986.583333	-0.184615
1986.666667	-0.384615
1986.75	-0.130769
1986.833333	0.00769231
1986.916667	0.276923
1987	0.323077
1987.083333	0.623077
1987.166667	0.369231
1987.25	0.0538462
1987.333333	0.323077
1987.416667	0.753846
1987.5	0.815385
1987.583333	0.523077
1987.666667	0.4
1987.75	0.576923
1987.833333	0.653846
1987.916667	0.5
1988	0.353846
1988.083333	0.238462
1988.166667	-0.0615385
1988.25	0.0307692
1988.333333	0.261538
1988.416667	0.230769
1988.5	-0.130769
1988.583333	-0.292308
1988.666667	-0.515385
1988.75	-0.507692
1988.833333	-0.715385
1988.916667	-0.653846
1989	-0.592308
1989.083333	-0.715385
1989.166667	-0.569231
1989.25	-0.592308
1989.333333	-0.607692
1989.416667	-0.515385
1989.5	-0.707692
1989.583333	-0.769231
1989.666667	-0.7
1989.75	-0.692308
1989.833333	-0.476923
1989.916667	-0.530769
1990	-0.615385
1990.083333	-0.730769
1990.166667	-0.492308
1990.25	-0.561538
1990.333333	-0.407692
1990.416667	-0.6
1990.5	-0.915385
1990.583333	-0.723077
1990.666667	-0.469231
1990.75	-0.376923
1990.833333	-0.215385
1990.916667	-0.3
1991	-0.115385
1991.083333	-0.246154
1991.166667	-0.138462
1991.25	-0.169231
1991.333333	-0.253846
1991.416667	-0.353846
1991.5	-0.192308
1991.583333	-0.292308
1991.666667	-0.407692
1991.75	-0.553846
1991.833333	-0.492308
1991.916667	-0.4
1992	-0.453846
1992.083333	-0.738462
1992.166667	-0.576923
1992.25	-0.523077
1992.333333	-0.715385
1992.416667	-0.684615
1992.5	-0.830769
1992.583333	-0.930769
1992.666667	-0.869231
1992.75	-0.830769
1992.833333	-0.415385
1992.916667	-0.369231
1993	-0.369231
1993.083333	-0.369231
1993.166667	0.00769231
1993.25	0.0230769
1993.333333	-0.261538
1993.416667	-0.292308
1993.5	-0.353846
1993.583333	-0.161538
1993.666667	-0.476923
1993.75	-0.469231
1993.833333	-0.315385
1993.916667	-0.753846
1994	-0.830769
1994.083333	-0.769231
1994.166667	-0.776923
1994.25	-0.884615
1994.333333	-0.953846
1994.416667	-0.884615
1994.5	-0.792308
1994.583333	-0.815385
1994.666667	-0.984615
1994.75	-0.5
1994.833333	-0.353846
1994.916667	-0.230769
1995	0.0384615
1995.083333	0.153846
1995.166667	0.0307692
1995.25	0.0461538
1995.333333	0.184615
1995.416667	0.492308
1995.5	0.753846
1995.583333	0.792308
1995.666667	1.16923
1995.75	1.38462
1995.833333	1.37692
1995.916667	1.26154
1996	1.00769
1996.083333	0.853846
1996.166667	0.838462
1996.25	0.761538
1996.333333	0.661538
1996.416667	0.707692
1996.5	0.6
1996.583333	0.176923
1996.666667	0.153846
1996.75	0.0923077
1996.833333	0.161538
1996.916667	0.261538
1997	0.230769
1997.083333	0.269231
1997.166667	0.376923
1997.25	0.530769
1997.333333	0.646154
1997.416667	0.761538
1997.5	0.538462
1997.583333	0.3
1997.666667	0.546154
1997.75	0.584615
1997.833333	0.461538
1997.916667	0.392308
1998	0.130769
1998.083333	0.1
1998.166667	0.307692
1998.25	0.169231
1998.333333	-0.1
1998.416667	-0.215385
1998.5	-0.353846
1998.583333	-0.576923
1998.666667	-0.538462
1998.75	-0.5
1998.833333	-0.476923
1998.916667	-0.584615
1999	-0.523077
1999.083333	-0.3
1999.166667	-0.253846
1999.25	-0.438462
1999.333333	-0.423077
1999.416667	-0.484615
1999.5	-0.369231
1999.583333	-0.507692
1999.666667	-0.369231
1999.75	-0.161538
1999.833333	-0.269231
1999.916667	-0.2
2000	0.115385
2000.083333	-0.0538462
2000.166667	-0.269231
2000.25	-0.546154
2000.333333	-0.515385
2000.416667	-0.284615
2000.5	-0.146154
2000.583333	-0.1
2000.666667	0.253846
2000.75	0.176923
2000.833333	0.0615385
2000.916667	0.315385
2001	0.253846
2001.083333	-0.0153846
2001.166667	0.230769
2001.25	0.176923
2001.333333	0.415385
2001.416667	0.730769
2001.5	0.523077
2001.583333	0.384615
2001.666667	0.276923
2001.75	-0.00769231
2001.833333	-0.0461538
2001.916667	-0.269231
2002	-0.538462
2002.083333	-0.561538
2002.166667	-0.176923
2002.25	-0.238462
2002.333333	-0.269231
2002.416667	0.0230769
2002.5	-0.323077
2002.583333	-0.376923
2002.666667	-0.284615
2002.75	-0.0692308
2002.833333	0.0384615
2002.916667	0.223077
2003	0.338462
2003.083333	0.615385
2003.166667	0.707692
2003.25	0.446154
2003.333333	0.184615
2003.416667	0.369231
2003.5	0.169231
2003.583333	0.307692
2003.666667	0.284615
2003.75	0.192308
2003.833333	-0.0230769
2003.916667	0.153846
2004	0.176923
2004.083333	0.323077
2004.166667	0.0153846
2004.25	0.123077
2004.333333	0.0615385
2004.416667	-0.0307692
2004.5	-0.192308
2004.583333	-0.130769
2004.666667	-0.00769231
2004.75	0.0923077
2004.833333	0.346154
2004.916667	0.523077
2005	0.446154
2005.083333	0.246154
2005.166667	0.0384615
2005.25	0.307692
2005.333333	0.1
2005.416667	0.138462
2005.5	0.261538
2005.583333	0.392308
2005.666667	0.484615
2005.75	0.176923
2005.833333	0.238462
2005.916667	0.115385
2006	0.0307692
2006.083333	0.0615385
2006.166667	0.230769
2006.25	0.507692
2006.333333	0.3
2006.416667	0.192308
2006.5	0.0538462
2006.583333	0.146154
2006.666667	-0.146154
2006.75	-0.276923
2006.833333	-0.423077
2006.916667	-0.2
2007	-0.123077
2007.083333	-0.130769
2007.166667	-0.192308
2007.25	-0.292308
2007.333333	-0.384615
2007.416667	-0.361538
2007.5	-0.307692
2007.583333	-0.253846
2007.666667	-0.392308
2007.75	0.0615385
2007.833333	0.215385
2007.916667	0.453846
2008	0.184615
2008.083333	-0.0461538
2008.166667	-0.0769231
2008.25	-0.323077
2008.333333	-0.353846
2008.416667	-0.484615
2008.5	-0.538462
2008.583333	-0.415385
2008.666667	-0.515385
2008.75	-0.607692
2008.833333	-1.03077
2008.916667	-0.9
2009	-0.761538
2009.083333	-0.930769
2009.166667	-0.884615
2009.25	-0.7
2009.333333	-0.623077
2009.416667	-0.169231
2009.5	0.0153846
2009.583333	0.415385
2009.666667	0.515385
2009.75	0.838462
2009.833333	1.11538
2009.916667	1.34615
2010	0.923077
2010.083333	0.915385
2010.166667	1.1
2010.25	1.26923
2010.333333	1.21538
2010.416667	1.80769
2010.5	1.55385
2010.583333	1.26154
2010.666667	0.953846
2010.75	0.676923
2010.833333	0.346154
2010.916667	0.346154
2011	0.3
2011.083333	0.538462
2011.166667	0.307692
2011.25	0.169231
2011.333333	0.0153846
2011.416667	-0.369231
2011.5	-0.930769
2011.583333	-1.13077
2011.666667	-1.05385
2011.75	-1.05385
2011.833333	-0.638462
2011.916667	-0.307692
2012	-0.323077
2012.083333	-0.138462
2012.166667	-0.238462
2012.25	0.1
2012.333333	0.1
2012.416667	0.223077
2012.5	0.430769
2012.583333	0.553846
2012.666667	0.984615
2012.75	1.08462
2012.833333	0.884615
2012.916667	0.492308
2013	0.415385
2013.083333	0.161538
2013.166667	0.0153846
2013.25	0.0846154
2013.333333	-0.292308
2013.416667	-0.384615
2013.5	-0.569231
2013.583333	-0.676923
2013.666667	-0.838462
2013.75	-1.13846
2013.833333	-1.27692
2013.916667	-0.915385
2014	-0.792308
2014.083333	-0.846154
2014.166667	-0.476923
2014.25	-0.5
2014.333333	-0.623077
2014.416667	-0.723077
2014.5	-0.776923
2014.583333	-0.807692
2014.666667	-0.876923
2014.75	-0.7
2014.833333	-0.876923
2014.916667	-0.715385
2015	-0.669231
2015.083333	-0.730769
2015.166667	-0.669231
2015.25	-0.784615
2015.333333	-0.984615
2015.416667	-1
2015.5	-0.776923
2015.583333	-0.692308
2015.666667	-0.615385
2015.75	-0.246154
2015.833333	-0.192308
2015.916667	-0.0307692
2016	-0.115385
2016.083333	-0.307692
2016.166667	-0.446154
2016.25	-0.476923
2016.333333	-0.6
2016.416667	-0.461538
2016.5	-0.369231
2016.583333	-0.461538
2016.666667	-0.392308
2016.75	-0.207692
2016.833333	-0.153846
2016.916667	-0.323077
2017	-0.476923
2017.083333	-0.469231
2017.166667	-0.630769
2017.25	-0.469231
2017.333333	-0.469231
2017.416667	-0.453846
2017.5	-0.569231
2017.583333	-0.669231
2017.666667	-0.5
2017.75	-0.476923
2017.833333	-0.853846
2017.916667	-1.03846
2018	-1.04615
2018.083333	-1.07692
2018.166667	-1.1
2018.25	-1
2018.333333	-0.930769
2018.416667	-1.03077
2018.5	-0.976923
2018.583333	-0.8
2018.666667	-0.930769
2018.75	-1.00769
2018.833333	-0.776923
2018.916667	-0.284615
2019	-0.215385
2019.083333	-0.0615385
2019.166667	0.0307692
2019.25	0.176923
2019.333333	0.223077
2019.416667	0.146154
2019.5	-0.00769231
2019.583333	-0.253846
2019.666667	-0.384615
2019.75	-0.0692308
2019.833333	0.00769231
2019.916667	-0.0538462
2020	-0.276923
2020.083333	-0.315385
2020.166667	-0.438462
2020.25	-0.415385
2020.333333	-0.646154
2020.416667	-0.661538
2020.5	-0.484615
2020.583333	-0.307692
2020.666667	-0.138462
2020.75	0.276923
2020.833333	0.153846
2020.916667	-0.0230769
2021	-0.00769231
2021.083333	0.153846
2021.166667	0.0692308
2021.25	0.115385
2021.333333	0.138462
2021.416667	0.338462
2021.5	0.338462
2021.583333	-0.0153846
2021.666667	-0.0923077
2021.75	0.138462
2021.833333	-0.223077
2021.916667	-0.338462
2022	-0.276923
2022.083333	-0.361538
2022.166667	-0.407692
2022.25	-0.376923
2022.333333	-0.492308
2022.416667	-0.138462
2022.5	-0.338462
2022.583333	-0.369231
2022.666667	0.00769231
2022.75	0.153846
2022.833333	-0.0846154
2022.916667	0.261538
2023	0.416667
2023.083333	0.5
2023.166667	0.54
2023.25	0.477778
2023.333333	0.575
2023.416667	0.942857
