1880	1.37993523
1880.083333	1.42637031
1880.166667	1.44748464
1880.25	1.4405408
1880.333333	1.40418147
1880.416667	1.33849452
1880.5	1.24500327
1880.583333	1.12658117
1880.666667	0.987294019
1880.75	0.832177312
1880.833333	0.666959797
1880.916667	0.497747895
1881	0.330688044
1881.083333	0.171625722
1881.166667	0.025780536
1881.25	-0.102543775
1881.333333	-0.210197178
1881.416667	-0.295354471
1881.5	-0.357608746
1881.583333	-0.397980577
1881.666667	-0.418841168
1881.75	-0.42375276
1881.833333	-0.417234591
1881.916667	-0.404467279
1882	-0.390952491
1882.083333	-0.382147741
1882.166667	-0.383098087
1882.25	-0.398087116
1882.333333	-0.430328926
1882.416667	-0.481720777
1882.5	-0.552672842
1882.583333	-0.642027175
1882.666667	-0.747072898
1882.75	-0.863658907
1882.833333	-0.986399575
1882.916667	-1.10896319
1883	-1.22442767
1883.083333	-1.32568363
1883.166667	-1.40586179
1883.25	-1.45875945
1883.333333	-1.47924046
1883.416667	-1.46358422
1883.5	-1.40976149
1883.583333	-1.31761885
1883.666667	-1.18895876
1883.75	-1.02750795
1883.833333	-0.838773329
1883.916667	-0.629791273
1884	-0.408782599
1884.083333	-0.184731086
1884.166667	0.0330915996
1884.25	0.235628305
1884.333333	0.414537769
1884.416667	0.562666246
1884.5	0.67446192
1884.583333	0.746307547
1884.666667	0.776751127
1884.75	0.766620009
1884.833333	0.719010322
1884.916667	0.639150659
1885	0.534146107
1885.083333	0.412615576
1885.166667	0.284241557
1885.25	0.159256545
1885.333333	0.0478941038
1885.416667	-0.0401652817
1885.5	-0.0963230101
1885.583333	-0.113536558
1885.666667	-0.0867128006
1885.75	-0.012998696
1885.833333	0.10804672
1885.916667	0.274408409
1886	0.481701726
1886.083333	0.723384093
1886.166667	0.991080011
1886.25	1.2750012
1886.333333	1.56443854
1886.416667	1.84829877
1886.5	2.11565655
1886.583333	2.35629217
1886.666667	2.56118626
1886.75	2.72294572
1886.833333	2.83613925
1886.916667	2.89752638
1887	2.90616996
1887.083333	2.86342892
1887.166667	2.77283458
1887.25	2.63986058
1887.333333	2.47160164
1887.416667	2.27638143
1887.5	2.06331297
1887.583333	1.84183691
1887.666667	1.62126335
1887.75	1.41034191
1887.833333	1.21688179
1887.916667	1.04744033
1888	0.907093381
1888.083333	0.799295747
1888.166667	0.725834141
1888.25	0.686869723
1888.333333	0.681061955
1888.416667	0.705761213
1888.5	0.757254116
1888.583333	0.831043228
1888.666667	0.922141823
1888.75	1.02536464
1888.833333	1.13559709
1888.916667	1.24802787
1889	1.35833352
1889.083333	1.46280747
1889.166667	1.55843028
1889.25	1.64288261
1889.333333	1.71450601
1889.416667	1.77222057
1889.5	1.81541076
1889.583333	1.84379299
1889.666667	1.85727862
1889.75	1.8558461
1889.833333	1.83943439
1889.916667	1.80786726
1890	1.76081555
1890.083333	1.69780025
1890.166667	1.61823637
1890.25	1.52151309
1890.333333	1.40710323
1890.416667	1.27469163
1890.5	1.12431084
1890.583333	0.956470922
1890.666667	0.772270728
1890.75	0.573478825
1890.833333	0.362574231
1890.916667	0.142740063
1891	-0.0821935365
1891.083333	-0.307856987
1891.166667	-0.529495388
1891.25	-0.742161498
1891.333333	-0.940936726
1891.416667	-1.12116682
1891.5	-1.27869735
1891.583333	-1.41009337
1891.666667	-1.51282847
1891.75	-1.58542953
1891.833333	-1.62756645
1891.916667	-1.64007933
1892	-1.62493933
1892.083333	-1.58514423
1892.166667	-1.52455343
1892.25	-1.44767179
1892.333333	-1.35939495
1892.416667	-1.2647315
1892.5	-1.16851954
1892.583333	-1.07515531
1892.666667	-0.988351515
1892.75	-0.910940991
1892.833333	-0.844738715
1892.916667	-0.790471436
1893	-0.747779893
1893.083333	-0.715293827
1893.166667	-0.690775168
1893.25	-0.671320212
1893.333333	-0.653607557
1893.416667	-0.634175368
1893.5	-0.609709382
1893.583333	-0.577322102
1893.666667	-0.53480399
1893.75	-0.48082907
1893.833333	-0.415100162
1893.916667	-0.338422825
1894	-0.252701658
1894.083333	-0.160857765
1894.166667	-0.066671377
1894.25	0.025441247
1894.333333	0.110703025
1894.416667	0.184286023
1894.5	0.241636232
1894.583333	0.278791851
1894.666667	0.292673815
1894.75	0.281328705
1894.833333	0.244106971
1894.916667	0.181763238
1895	0.0964703392
1895.083333	-0.00825588898
1895.166667	-0.127718303
1895.25	-0.256278293
1895.333333	-0.387660275
1895.416667	-0.515303041
1895.5	-0.632736851
1895.583333	-0.733963302
1895.666667	-0.813814427
1895.75	-0.868268531
1895.833333	-0.894702699
1895.916667	-0.892065625
1896	-0.860959257
1896.083333	-0.803623299
1896.166667	-0.723822621
1896.25	-0.626643658
1896.333333	-0.518211564
1896.416667	-0.405344863
1896.5	-0.295168277
1896.583333	-0.194707065
1896.666667	-0.110487379
1896.75	-0.0481668132
1896.833333	-0.0122173947
1896.916667	-0.00568001885
1897	-0.0300047925
1897.083333	-0.0849863687
1897.166667	-0.168797365
1897.25	-0.278116799
1897.333333	-0.408344528
1897.416667	-0.553887324
1897.5	-0.708497803
1897.583333	-0.865644244
1897.666667	-1.01888759
1897.75	-1.16224168
1897.833333	-1.29049417
1897.916667	-1.39946832
1898	-1.48621004
1898.083333	-1.54908953
1898.166667	-1.58781277
1898.25	-1.60334407
1898.333333	-1.59774694
1898.416667	-1.57395583
1898.5	-1.53549599
1898.583333	-1.48617218
1898.666667	-1.42974858
1898.75	-1.36964326
1898.833333	-1.30865899
1898.916667	-1.24876978
1899	-1.19097859
1899.083333	-1.1352565
1899.166667	-1.08056816
1899.25	-1.02498187
1899.333333	-0.965856891
1899.416667	-0.900094971
1899.5	-0.824438141
1899.583333	-0.735791604
1899.666667	-0.631548168
1899.75	-0.50989028
1899.833333	-0.370046764
1899.916667	-0.212484091
1900	-0.0390161092
1900.083333	0.14717856
1900.166667	0.341636143
1900.25	0.538782504
1900.333333	0.732194709
1900.416667	0.914934899
1900.5	1.07993672
1900.583333	1.22042054
1900.666667	1.33031113
1900.75	1.40463067
1900.833333	1.43984066
1900.916667	1.43410931
1901	1.38748488
1901.083333	1.30196119
1901.166667	1.18142811
1901.25	1.03150691
1901.333333	0.859277847
1901.416667	0.672914003
1901.5	0.481242036
1901.583333	0.293255039
1901.666667	0.117606481
1901.75	-0.0378842526
1901.833333	-0.166684366
1901.916667	-0.263929995
1902	-0.326714087
1902.083333	-0.354261032
1902.166667	-0.347975985
1902.25	-0.31136442
1902.333333	-0.249825358
1902.416667	-0.17032955
1902.5	-0.0810010415
1902.583333	0.00937332504
1902.666667	0.0918773307
1902.75	0.1580097
1902.833333	0.200206437
1902.916667	0.212309426
1903	0.189952695
1903.083333	0.130842612
1903.166667	0.0349147313
1903.25	-0.0956425326
1903.333333	-0.25649907
1903.416667	-0.441422505
1903.5	-0.642631449
1903.583333	-0.851241152
1903.666667	-1.05777447
1903.75	-1.25270714
1903.833333	-1.42701415
1903.916667	-1.57268429
1904	-1.6831718
1904.083333	-1.75375801
1904.166667	-1.78180191
1904.25	-1.76686512
1904.333333	-1.71070495
1904.416667	-1.6171373
1904.5	-1.49177938
1904.583333	-1.3416895
1904.666667	-1.17492769
1904.75	-1.00006553
1904.833333	-0.825676531
1904.916667	-0.65983935
1905	-0.509685024
1905.083333	-0.38101614
1905.166667	-0.278021025
1905.25	-0.203099629
1905.333333	-0.156810307
1905.416667	-0.137938736
1905.5	-0.143682129
1905.583333	-0.169934366
1905.666667	-0.211651053
1905.75	-0.263268327
1905.833333	-0.319145806
1905.916667	-0.374002569
1906	-0.423315673
1906.083333	-0.46365333
1906.166667	-0.492919366
1906.25	-0.510491657
1906.333333	-0.517244488
1906.416667	-0.515452757
1906.5	-0.508584088
1906.583333	-0.500992755
1906.666667	-0.497536228
1906.75	-0.503140801
1906.833333	-0.522346661
1906.916667	-0.558864699
1907	-0.615177152
1907.083333	-0.692211846
1907.166667	-0.789115483
1907.25	-0.903145306
1907.333333	-1.02969104
1907.416667	-1.16243065
1907.5	-1.29361461
1907.583333	-1.41446506
1907.666667	-1.51566805
1907.75	-1.58793072
1907.833333	-1.62257025
1907.916667	-1.61209859
1908	-1.55076602
1908.083333	-1.43502855
1908.166667	-1.26390768
1908.25	-1.03921703
1908.333333	-0.76563781
1908.416667	-0.450633715
1908.5	-0.104205442
1908.583333	0.261505604
1908.666667	0.632745648
1908.75	0.994782106
1908.833333	1.33260899
1908.916667	1.63168605
1909	1.87867128
1909.083333	2.06210605
1909.166667	2.17301478
1909.25	2.20538539
1909.333333	2.15650346
1909.416667	2.02712104
1909.5	1.82145058
1909.583333	1.54698396
1909.666667	1.21414658
1909.75	0.835805667
1909.833333	0.426659948
1909.916667	0.00254419622
1910	-0.420313302
1910.083333	-0.826040205
1910.166667	-1.1998365
1910.25	-1.52862026
1910.333333	-1.80156995
1910.416667	-2.01053672
1910.5	-2.15030829
1910.583333	-2.21871459
1910.666667	-2.21657477
1910.75	-2.14749405
1910.833333	-2.01752746
1910.916667	-1.83473441
1911	-1.60865367
1911.083333	-1.34973212
1911.166667	-1.06874173
1911.25	-0.776219139
1911.333333	-0.48195896
1911.416667	-0.194587832
1911.5	0.0787600318
1911.583333	0.332652166
1911.666667	0.563446168
1911.75	0.769259057
1911.833333	0.949827235
1911.916667	1.10627324
1912	1.24080091
1912.083333	1.35634428
1912.166667	1.45619774
1912.25	1.5436547
1912.333333	1.62168085
1912.416667	1.69264402
1912.5	1.75811836
1912.583333	1.81877423
1912.666667	1.8743588
1912.75	1.92376556
1912.833333	1.96518429
1912.916667	1.99631748
1913	2.01464425
1913.083333	2.01770963
1913.166667	2.00341549
1913.25	1.97028907
1913.333333	1.91770741
1913.416667	1.8460586
1913.5	1.75682597
1913.583333	1.65258668
1913.666667	1.53692246
1913.75	1.41424684
1913.833333	1.28955928
1913.916667	1.16814194
1914	1.05521966
1914.083333	0.955606345
1914.166667	0.873362604
1914.25	0.811489319
1914.333333	0.771679695
1914.416667	0.754149015
1914.5	0.75755637
1914.583333	0.779026782
1914.666667	0.814275601
1914.75	0.857830272
1914.833333	0.903338046
1914.916667	0.943942313
1915	0.972705386
1915.083333	0.983052106
1915.166667	0.969206754
1915.25	0.926595656
1915.333333	0.852189475
1915.416667	0.744762529
1915.5	0.605051221
1915.583333	0.435799655
1915.666667	0.241687266
1915.75	0.0291404393
1915.833333	-0.193962812
1915.916667	-0.418679469
1916	-0.635458123
1916.083333	-0.834639915
1916.166667	-1.00697527
1916.25	-1.14412683
1916.333333	-1.23912963
1916.416667	-1.28678206
1916.5	-1.28394513
1916.583333	-1.22973295
1916.666667	-1.12558374
1916.75	-0.975207619
1916.833333	-0.784414614
1916.916667	-0.560833283
1917	-0.313536413
1917.083333	-0.0525955811
1917.166667	0.211409949
1917.25	0.467902241
1917.333333	0.706803361
1917.416667	0.918996603
1917.5	1.09672595
1917.583333	1.23391361
1917.666667	1.3263807
1917.75	1.37196242
1917.833333	1.37051514
1917.916667	1.32381962
1918	1.23539034
1918.083333	1.11020603
1918.166667	0.95438102
1918.25	0.774799048
1918.333333	0.578733278
1918.416667	0.373475365
1918.5	0.165995127
1918.583333	-0.0373508035
1918.666667	-0.231046996
1918.75	-0.410574421
1918.833333	-0.572488644
1918.916667	-0.71442221
1919	-0.83501746
1919.083333	-0.933800511
1919.166667	-1.01101065
1919.25	-1.06740186
1919.333333	-1.10403421
1919.416667	-1.122073
1919.5	-1.12261158
1919.583333	-1.10653188
1919.666667	-1.07441252
1919.75	-1.02649066
1919.833333	-0.962678937
1919.916667	-0.882634526
1920	-0.785872795
1920.083333	-0.671914688
1920.166667	-0.540454006
1920.25	-0.391529108
1920.333333	-0.225683015
1920.416667	-0.0440966045
1920.5	0.15131857
1920.583333	0.357878398
1920.666667	0.572142106
1920.75	0.789988483
1920.833333	1.00675044
1920.916667	1.21740141
1921	1.41678307
1921.083333	1.59986035
1921.166667	1.76198725
1921.25	1.8991658
1921.333333	2.00827997
1921.416667	2.08728788
1921.5	2.13535784
1921.583333	2.15293682
1921.666667	2.14174477
1921.75	2.10469237
1921.833333	2.04572512
1921.916667	1.96960168
1922	1.88161856
1922.083333	1.78729732
1922.166667	1.69205311
1922.25	1.60086498
1922.333333	1.51796867
1922.416667	1.4465915
1922.5	1.38874682
1922.583333	1.34510167
1922.666667	1.31492713
1922.75	1.29613565
1922.833333	1.2854042
1922.916667	1.27837677
1923	1.26993462
1923.083333	1.25451841
1923.166667	1.22648286
1923.25	1.18046254
1923.333333	1.11172652
1923.416667	1.01650004
1923.5	0.892233551
1923.583333	0.737802331
1923.666667	0.553624501
1923.75	0.341689858
1923.833333	0.105497749
1923.916667	-0.150092405
1924	-0.419088891
1924.083333	-0.694660033
1924.166667	-0.969473408
1924.25	-1.23606154
1924.333333	-1.4871922
1924.416667	-1.71622141
1924.5	-1.91740847
1924.583333	-2.08617497
1924.666667	-2.21929351
1924.75	-2.31499627
1924.833333	-2.37299893
1924.916667	-2.39444049
1925	-2.38174517
1925.083333	-2.33841711
1925.166667	-2.26878254
1925.25	-2.17769753
1925.333333	-2.07024061
1925.416667	-1.95141073
1925.5	-1.8258495
1925.583333	-1.69760526
1925.666667	-1.5699527
1925.75	-1.44527816
1925.833333	-1.32503571
1925.916667	-1.20977439
1926	-1.0992318
1926.083333	-0.992485073
1926.166667	-0.888146046
1926.25	-0.784584719
1926.333333	-0.680163354
1926.416667	-0.573462945
1926.5	-0.463484607
1926.583333	-0.349810366
1926.666667	-0.232710935
1926.75	-0.113191942
1926.833333	0.00702537752
1926.916667	0.12558821
1927	0.23965533
1927.083333	0.346089431
1927.166667	0.441684923
1927.25	0.523414721
1927.333333	0.588677895
1927.416667	0.635529644
1927.5	0.662875952
1927.583333	0.670617408
1927.666667	0.659729881
1927.75	0.632273902
1927.833333	0.591329319
1927.916667	0.540856882
1928	0.485493426
1928.083333	0.430292039
1928.166667	0.38042254
1928.25	0.340850704
1928.333333	0.316016495
1928.416667	0.309532188
1928.5	0.323920455
1928.583333	0.360410401
1928.666667	0.418806234
1928.75	0.497438955
1928.833333	0.593206394
1928.916667	0.701701515
1929	0.817423325
1929.083333	0.934059549
1929.166667	1.04482553
1929.25	1.14284019
1929.333333	1.22151719
1929.416667	1.27494846
1929.5	1.29825706
1929.583333	1.28789835
1929.666667	1.24189103
1929.75	1.15996383
1929.833333	1.04360845
1929.916667	0.896035051
1930	0.722032079
1930.083333	0.527738155
1930.166667	0.320338748
1930.25	0.107704848
1930.333333	-0.102005806
1930.416667	-0.300762289
1930.5	-0.48106545
1930.583333	-0.636321563
1930.666667	-0.761164019
1930.75	-0.851705655
1930.833333	-0.905708625
1930.916667	-0.922663707
1931	-0.903776401
1931.083333	-0.851862665
1931.166667	-0.771162395
1931.25	-0.667083413
1931.333333	-0.545892521
1931.416667	-0.414372864
1931.5	-0.279468336
1931.583333	-0.147935889
1931.666667	-0.0260254561
1931.75	0.080795125
1931.833333	0.168056183
1931.916667	0.232433427
1932	0.271821128
1932.083333	0.285330914
1932.166667	0.273220607
1932.25	0.236761793
1932.333333	0.178058441
1932.416667	0.0998315434
1932.5	0.00518638346
1932.583333	-0.102620567
1932.666667	-0.220398815
1932.75	-0.345210619
1932.833333	-0.474515652
1932.916667	-0.606265367
1933	-0.738942855
1933.083333	-0.871548172
1933.166667	-1.00353323
1933.25	-1.13469404
1933.333333	-1.26503121
1933.416667	-1.39459177
1933.5	-1.52330692
1933.583333	-1.65083998
1933.666667	-1.77645856
1933.75	-1.89894258
1933.833333	-2.01653731
1933.916667	-2.12695702
1934	-2.22744115
1934.083333	-2.31486065
1934.166667	-2.38586857
1934.25	-2.43708535
1934.333333	-2.46530636
1934.416667	-2.46771742
1934.5	-2.44210303
1934.583333	-2.38703201
1934.666667	-2.30200643
1934.75	-2.18756207
1934.833333	-2.04531137
1934.916667	-1.87792364
1935	-1.68904155
1935.083333	-1.48313681
1935.166667	-1.26531251
1935.25	-1.04106288
1935.333333	-0.816004414
1935.416667	-0.595594637
1935.5	-0.384855465
1935.583333	-0.188118602
1935.666667	-0.00880894838
1935.75	0.150720001
1935.833333	0.28928796
1935.916667	0.406919877
1936	0.504805499
1936.083333	0.585188376
1936.166667	0.651190615
1936.25	0.706583815
1936.333333	0.755520045
1936.416667	0.802239364
1936.5	0.850771889
1936.583333	0.904652943
1936.666667	0.966669002
1936.75	1.03865039
1936.833333	1.12132379
1936.916667	1.21423395
1937	1.31573977
1937.083333	1.42308529
1937.166667	1.53254144
1937.25	1.63961031
1937.333333	1.73927941
1937.416667	1.8263109
1937.5	1.89554807
1937.583333	1.94222084
1937.666667	1.96223201
1937.75	1.95240698
1937.833333	1.91069259
1937.916667	1.83629321
1938	1.72973668
1938.083333	1.59286663
1938.166667	1.42876233
1938.25	1.24159161
1938.333333	1.03640613
1938.416667	0.818891862
1938.5	0.595089799
1938.583333	0.371103743
1938.666667	0.15281211
1938.75	-0.0543997007
1938.833333	-0.245871579
1938.916667	-0.41785334
1939	-0.567632673
1939.083333	-0.693601064
1939.166667	-0.795256342
1939.25	-0.873144385
1939.333333	-0.928746232
1939.416667	-0.964319966
1939.5	-0.982709185
1939.583333	-0.987131523
1939.666667	-0.980961332
1939.75	-0.967520406
1939.833333	-0.949889442
1939.916667	-0.930750994
1940	-0.912272032
1940.083333	-0.896031186
1940.166667	-0.882992432
1940.25	-0.873523678
1940.333333	-0.867455672
1940.416667	-0.86417397
1940.5	-0.862734722
1940.583333	-0.861993721
1940.666667	-0.860737686
1940.75	-0.857807107
1940.833333	-0.852201099
1940.916667	-0.843156538
1941	-0.830196092
1941.083333	-0.813142488
1941.166667	-0.792099192
1941.25	-0.767400512
1941.333333	-0.739536618
1941.416667	-0.709061073
1941.5	-0.676489902
1941.583333	-0.642201984
1941.666667	-0.606350493
1941.75	-0.568794317
1941.833333	-0.529056879
1941.916667	-0.486317619
1942	-0.439438872
1942.083333	-0.387028005
1942.166667	-0.327531826
1942.25	-0.259357517
1942.333333	-0.18101204
1942.416667	-0.0912500979
1942.5	0.0107803283
1942.583333	0.125406219
1942.666667	0.252322375
1942.75	0.390518443
1942.833333	0.538247616
1942.916667	0.693041898
1943	0.851775737
1943.083333	1.01077655
1943.166667	1.16597736
1943.25	1.31310372
1943.333333	1.4478845
1943.416667	1.566274
1943.5	1.66467191
1943.583333	1.74012713
1943.666667	1.79051198
1943.75	1.81465533
1943.833333	1.8124248
1943.916667	1.78475193
1944	1.73359712
1944.083333	1.6618553
1944.166667	1.57320698
1944.25	1.47192275
1944.333333	1.36263266
1944.416667	1.25007407
1944.5	1.13883329
1944.583333	1.03309691
1944.666667	0.936428241
1944.75	0.851582866
1944.833333	0.780375126
1944.916667	0.723603952
1945	0.681042979
1945.083333	0.651495665
1945.166667	0.632912022
1945.25	0.622559541
1945.333333	0.617237353
1945.416667	0.613519778
1945.5	0.608013385
1945.583333	0.597610696
1945.666667	0.579723722
1945.75	0.552481683
1945.833333	0.514879481
1945.916667	0.466866535
1946	0.409369406
1946.083333	0.344245886
1946.166667	0.27417267
1946.25	0.202473099
1946.333333	0.132895431
1946.416667	0.0693555043
1946.5	0.0156600996
1946.583333	-0.0247711393
1946.666667	-0.0491670546
1946.75	-0.0556321913
1946.833333	-0.0433244065
1946.916667	-0.0125703154
1947	0.0350902297
1947.083333	0.0969350821
1947.166667	0.16916594
1947.25	0.247084747
1947.333333	0.325330968
1947.416667	0.398166434
1947.5	0.459791362
1947.583333	0.504672994
1947.666667	0.527867334
1947.75	0.525314652
1947.833333	0.49409082
1947.916667	0.432599036
1948	0.340689976
1948.083333	0.21970258
1948.166667	0.0724223989
1948.25	-0.097040697
1948.333333	-0.283448868
1948.416667	-0.48069573
1948.5	-0.68211416
1948.583333	-0.880814957
1948.666667	-1.07003707
1948.75	-1.24348948
1948.833333	-1.3956655
1948.916667	-1.52211188
1949	-1.61963804
1949.083333	-1.68645429
1949.166667	-1.72223234
1949.25	-1.72808579
1949.333333	-1.70647323
1949.416667	-1.66103111
1949.5	-1.59634726
1949.583333	-1.5176895
1949.666667	-1.43070601
1949.75	-1.34111542
1949.833333	-1.25440479
1949.916667	-1.17555256
1950	-1.1087919
1950.083333	-1.05742655
1950.166667	-1.02370815
1950.25	-1.00877965
1950.333333	-1.01268539
1950.416667	-1.03444419
1950.5	-1.07217804
1950.583333	-1.12328565
1950.666667	-1.1846478
1950.75	-1.25284973
1950.833333	-1.32440534
1950.916667	-1.3959684
1951	-1.46451745
1951.083333	-1.52750326
1951.166667	-1.58295057
1951.25	-1.62950965
1951.333333	-1.66645626
1951.416667	-1.69364291
1951.5	-1.71140713
1951.583333	-1.72044571
1951.666667	-1.721666
1951.75	-1.71602685
1951.833333	-1.70438213
1951.916667	-1.68733959
1952	-1.66514638
1952.083333	-1.63761066
1952.166667	-1.60406569
1952.25	-1.56338011
1952.333333	-1.51401432
1952.416667	-1.45411964
1952.5	-1.38167388
1952.583333	-1.29464397
1952.666667	-1.19116459
1952.75	-1.06972005
1952.833333	-0.929316494
1952.916667	-0.769631736
1953	-0.591131564
1953.083333	-0.395143089
1953.166667	-0.183878674
1953.25	0.0395930166
1953.333333	0.271428864
1953.416667	0.507142671
1953.5	0.741779448
1953.583333	0.970123216
1953.666667	1.1869267
1953.75	1.38714983
1953.833333	1.56619325
1953.916667	1.72011336
1954	1.84580644
1954.083333	1.94115108
1954.166667	2.00510106
1954.25	2.03772328
1954.333333	2.04017908
1954.416667	2.01465051
1954.5	1.96421613
1954.583333	1.89268439
1954.666667	1.80439433
1954.75	1.70399581
1954.833333	1.59622181
1954.916667	1.48566602
1955	1.37657797
1955.083333	1.27268673
1955.166667	1.17706211
1955.25	1.09201978
1955.333333	1.01907369
1955.416667	0.95893651
1955.5	0.911565302
1955.583333	0.876247506
1955.666667	0.851719548
1955.75	0.836308903
1955.833333	0.828089269
1955.916667	0.825038143
1956	0.825186447
1956.083333	0.826750845
1956.166667	0.828241039
1956.25	0.82853635
1956.333333	0.826928295
1956.416667	0.823128386
1956.5	0.817242841
1956.583333	0.809718163
1956.666667	0.801263457
1956.75	0.792756779
1956.833333	0.785143647
1956.916667	0.779336088
1957	0.776120214
1957.083333	0.776079339
1957.166667	0.779538224
1957.25	0.786532178
1957.333333	0.796802703
1957.416667	0.809819202
1957.5	0.824824233
1957.583333	0.840897935
1957.666667	0.857035822
1957.75	0.8722331
1957.833333	0.885568262
1957.916667	0.896278807
1958	0.903822601
1958.083333	0.907919594
1958.166667	0.908570215
1958.25	0.906048611
1958.333333	0.900870996
1958.416667	0.893741376
1958.5	0.885478811
1958.583333	0.876931963
1958.666667	0.868887836
1958.75	0.861982259
1958.833333	0.856619755
1958.916667	0.85290991
1959	0.85062633
1959.083333	0.849192677
1959.166667	0.847698397
1959.25	0.844944533
1959.333333	0.83951775
1959.416667	0.829888506
1959.5	0.814527297
1959.583333	0.792031314
1959.666667	0.761252739
1959.75	0.721419386
1959.833333	0.672238516
1959.916667	0.613975418
1960	0.547499741
1960.083333	0.474294446
1960.166667	0.396424596
1960.25	0.316465762
1960.333333	0.237394529
1960.416667	0.162446162
1960.5	0.0949468556
1960.583333	0.0381298954
1960.666667	-0.00505355009
1960.75	-0.0321175935
1960.833333	-0.0412073218
1960.916667	-0.0312363285
1961	-0.00198681259
1961.083333	0.0458349889
1961.166667	0.11059274
1961.25	0.189765154
1961.333333	0.280041155
1961.416667	0.377460868
1961.5	0.477595439
1961.583333	0.575756341
1961.666667	0.667222924
1961.75	0.747475836
1961.833333	0.812423452
1961.916667	0.858608816
1962	0.883385656
1962.083333	0.885053787
1962.166667	0.862946575
1962.25	0.817465865
1962.333333	0.750062803
1962.416667	0.663166063
1962.5	0.560061933
1962.583333	0.444733382
1962.666667	0.321667385
1962.75	0.195641416
1962.833333	0.0715008772
1962.916667	-0.0460605326
1963	-0.152706094
1963.083333	-0.244636752
1963.166667	-0.318738787
1963.25	-0.372692288
1963.333333	-0.405036776
1963.416667	-0.415193012
1963.5	-0.403442613
1963.583333	-0.370869506
1963.666667	-0.319269242
1963.75	-0.251033758
1963.833333	-0.169020066
1963.916667	-0.0764117191
1964	0.0234184251
1964.083333	0.127036476
1964.166667	0.231060516
1964.25	0.332253779
1964.333333	0.427595381
1964.416667	0.514328051
1964.5	0.589984212
1964.583333	0.652393536
1964.666667	0.699676377
1964.75	0.730228441
1964.833333	0.742702355
1964.916667	0.735991636
1965	0.709221841
1965.083333	0.661752496
1965.166667	0.593191853
1965.25	0.503424764
1965.333333	0.392652077
1965.416667	0.261438216
1965.5	0.110762015
1965.583333	-0.0579352713
1965.666667	-0.242711533
1965.75	-0.441101835
1965.833333	-0.65011927
1965.916667	-0.866283895
1966	-1.08568336
1966.083333	-1.30406672
1966.166667	-1.51697049
1966.25	-1.7198734
1966.333333	-1.90837391
1966.416667	-2.07838201
1966.5	-2.22631508
1966.583333	-2.34928633
1966.666667	-2.44527355
1966.75	-2.5132562
1966.833333	-2.55330996
1966.916667	-2.5666495
1967	-2.55561286
1967.083333	-2.52358424
1967.166667	-2.47485509
1967.25	-2.41442778
1967.333333	-2.34776933
1967.416667	-2.28052675
1967.5	-2.21821812
1967.583333	-2.16591595
1967.666667	-2.12794087
1967.75	-2.10758384
1967.833333	-2.10687433
1967.916667	-2.12641025
1968	-2.16526223
1968.083333	-2.22096138
1968.166667	-2.28957474
1968.25	-2.36586828
1968.333333	-2.44355159
1968.416667	-2.51559385
1968.5	-2.57459597
1968.583333	-2.61319999
1968.666667	-2.62451399
1968.75	-2.6025291
1968.833333	-2.54250491
1968.916667	-2.44130044
1969	-2.29763027
1969.083333	-2.11222918
1969.166667	-1.88791294
1969.25	-1.62952876
1969.333333	-1.34379464
1969.416667	-1.03903325
1969.5	-0.72481177
1969.583333	-0.411504803
1969.666667	-0.109802007
1969.75	0.169814321
1969.833333	0.417594355
1969.916667	0.625020493
1970	0.785254567
1970.083333	0.893507778
1970.166667	0.947312392
1970.25	0.946679317
1970.333333	0.894131625
1970.416667	0.794610692
1970.5	0.655258455
1970.583333	0.485086012
1970.666667	0.294544959
1970.75	0.0950232118
1970.833333	-0.101708787
1970.916667	-0.284072794
1971	-0.441248564
1971.083333	-0.56370126
1971.166667	-0.643643079
1971.25	-0.675405214
1971.333333	-0.655701103
1971.416667	-0.583767795
1971.5	-0.461378793
1971.583333	-0.292728637
1971.666667	-0.0841963134
1971.75	0.155999014
1971.833333	0.418230845
1971.916667	0.691963135
1972	0.966286204
1972.083333	1.23046225
1972.166667	1.47445186
1972.25	1.68939421
1972.333333	1.86801687
1972.416667	2.0049549
1972.5	2.09696446
1972.583333	2.14302205
1972.666667	2.14430663
1972.75	2.10406853
1972.833333	2.02739481
1972.916667	1.92088622
1973	1.79226542
1973.083333	1.64993903
1973.166667	1.50253852
1973.25	1.35846485
1973.333333	1.22546138
1973.416667	1.11023706
1973.5	1.01815858
1973.583333	0.953025857
1973.666667	0.916940275
1973.75	0.910269486
1973.833333	0.931707432
1973.916667	0.978422785
1974	1.04628444
1974.083333	1.13014878
1974.166667	1.22419053
1974.25	1.32225718
1974.333333	1.41822635
1974.416667	1.50634604
1974.5	1.58153949
1974.583333	1.63965874
1974.666667	1.67767477
1974.75	1.69379598
1974.833333	1.68751101
1974.916667	1.65955654
1975	1.61181481
1975.083333	1.5471494
1975.166667	1.46919102
1975.25	1.38208745
1975.333333	1.29023339
1975.416667	1.19799614
1975.5	1.10945331
1975.583333	1.02815678
1975.666667	0.95693567
1975.75	0.89774804
1975.833333	0.851588102
1975.916667	0.818452301
1976	0.797364204
1976.083333	0.786454814
1976.166667	0.783092026
1976.25	0.784050403
1976.333333	0.78571057
1976.416667	0.784276321
1976.5	0.775997014
1976.583333	0.757383006
1976.666667	0.725402776
1976.75	0.6776518
1976.833333	0.612485138
1976.916667	0.52910798
1977	0.42762081
1977.083333	0.309018403
1977.166667	0.175144232
1977.25	0.0286041498
1977.333333	-0.127354955
1977.416667	-0.288994289
1977.5	-0.4522518
1977.583333	-0.612921504
1977.666667	-0.766834568
1977.75	-0.910033595
1977.833333	-1.0389323
1977.916667	-1.15045393
1978	-1.242143
1978.083333	-1.31224666
1978.166667	-1.35976335
1978.25	-1.3844582
1978.333333	-1.386846
1978.416667	-1.36814411
1978.5	-1.33019862
1978.583333	-1.27538819
1978.666667	-1.20651062
1978.75	-1.12665763
1978.833333	-1.03908345
1978.916667	-0.947072857
1979	-0.853813958
1979.083333	-0.762280464
1979.166667	-0.675127796
1979.25	-0.594606448
1979.333333	-0.522495336
1979.416667	-0.460056957
1979.5	-0.408015333
1979.583333	-0.36655684
1979.666667	-0.335353167
1979.75	-0.313604875
1979.833333	-0.300103274
1979.916667	-0.293307725
1980	-0.29143489
1980.083333	-0.292556049
1980.166667	-0.294698304
1980.25	-0.295945315
1980.333333	-0.294533251
1980.416667	-0.288937779
1980.5	-0.277948258
1980.583333	-0.260725835
1980.666667	-0.236842777
1980.75	-0.206301187
1980.833333	-0.169530193
1980.916667	-0.127361675
1981	-0.0809856499
1981.083333	-0.0318874582
1981.166667	0.0182301382
1981.25	0.0675359993
1981.333333	0.114166164
1981.416667	0.156320851
1981.5	0.192357626
1981.583333	0.220875568
1981.666667	0.240785627
1981.75	0.251363065
1981.833333	0.252278797
1981.916667	0.243607603
1982	0.225812548
1982.083333	0.199706317
1982.166667	0.166391651
1982.25	0.127184383
1982.333333	0.0835237968
1982.416667	0.0368759564
1982.5	-0.011363743
1982.583333	-0.0599622674
1982.666667	-0.10792854
1982.75	-0.154575158
1982.833333	-0.199557441
1982.916667	-0.242886337
1983	-0.284913338
1983.083333	-0.326287384
1983.166667	-0.367885596
1983.25	-0.410721579
1983.333333	-0.455836732
1983.416667	-0.504181418
1983.5	-0.556493927
1983.583333	-0.613185729
1983.666667	-0.674241567
1983.75	-0.739142464
1983.833333	-0.806818622
1983.916667	-0.875637673
1984	-0.943431709
1984.083333	-1.00756421
1984.166667	-1.0650355
1984.25	-1.1126227
1984.333333	-1.14704796
1984.416667	-1.16516616
1984.5	-1.16416207
1984.583333	-1.14174535
1984.666667	-1.09633148
1984.75	-1.02719681
1984.833333	-0.934596943
1984.916667	-0.819839138
1985	-0.685301835
1985.083333	-0.534397122
1985.166667	-0.371475106
1985.25	-0.201672522
1985.333333	-0.0307112338
1985.416667	0.135344579
1985.5	0.290361034
1985.583333	0.428423301
1985.666667	0.544125408
1985.75	0.632845453
1985.833333	0.690990865
1985.916667	0.71619958
1986	0.707485057
1986.083333	0.665315887
1986.166667	0.591624145
1986.25	0.489740487
1986.333333	0.364257999
1986.416667	0.220830822
1986.5	0.0659172494
1986.583333	-0.09351975
1986.666667	-0.250339138
1986.75	-0.397558423
1986.833333	-0.528682475
1986.916667	-0.638007033
1987	-0.720880745
1987.083333	-0.773911839
1987.166667	-0.795108619
1987.25	-0.783946691
1987.333333	-0.741359977
1987.416667	-0.669656905
1987.5	-0.572367367
1987.583333	-0.454029989
1987.666667	-0.319932537
1987.75	-0.175820888
1987.833333	-0.0275935853
1987.916667	0.119000368
1988	0.258643292
1988.083333	0.386694513
1988.166667	0.499386668
1988.25	0.593962607
1988.333333	0.668746641
1988.416667	0.723148068
1988.5	0.757599123
1988.583333	0.773433572
1988.666667	0.772715796
1988.75	0.758033166
1988.833333	0.732266636
1988.916667	0.698355612
1989	0.659073242
1989.083333	0.616827292
1989.166667	0.57349984
1989.25	0.530336186
1989.333333	0.487889883
1989.416667	0.44602688
1989.5	0.40398761
1989.583333	0.360501846
1989.666667	0.313947419
1989.75	0.262540834
1989.833333	0.204545474
1989.916667	0.138481786
1990	0.0633235351
1990.083333	-0.0213349974
1990.166667	-0.115154164
1990.25	-0.216976989
1990.333333	-0.324817134
1990.416667	-0.435909835
1990.5	-0.546824525
1990.583333	-0.653633608
1990.666667	-0.752127895
1990.75	-0.838065747
1990.833333	-0.907440409
1990.916667	-0.956748339
1991	-0.983240798
1991.083333	-0.985141589
1991.166667	-0.961815525
1991.25	-0.913874999
1991.333333	-0.843215636
1991.416667	-0.752976275
1991.5	-0.647423203
1991.583333	-0.531763278
1991.666667	-0.411895155
1991.75	-0.294111812
1991.833333	-0.184770888
1991.916667	-0.0899516256
1992	-0.0151183538
1992.083333	0.0351895732
1992.166667	0.0576227907
1992.25	0.0502257167
1992.333333	0.0125664263
1992.416667	-0.0542158253
1992.5	-0.147449036
1992.583333	-0.263051377
1992.666667	-0.395732114
1992.75	-0.539259388
1992.833333	-0.686779726
1992.916667	-0.831171083
1993	-0.965409222
1993.083333	-1.08292649
1993.166667	-1.17794256
1993.25	-1.24574855
1993.333333	-1.28292858
1993.416667	-1.28750711
1993.5	-1.25901442
1993.583333	-1.19846799
1993.666667	-1.10827244
1993.75	-0.992045533
1993.833333	-0.854382258
1993.916667	-0.700572352
1994	-0.536289468
1994.083333	-0.36727138
1994.166667	-0.199010894
1994.25	-0.0364760282
1994.333333	0.116124216
1994.416667	0.255515435
1994.5	0.379465743
1994.583333	0.486821601
1994.666667	0.577471927
1994.75	0.652245566
1994.833333	0.712751535
1994.916667	0.761175045
1995	0.800045075
1995.083333	0.831990857
1995.166667	0.859505073
1995.25	0.884730804
1995.333333	0.909287297
1995.416667	0.934146676
1995.5	0.95956992
1995.583333	0.985106097
1995.666667	1.00965421
1995.75	1.03158247
1995.833333	1.04889554
1995.916667	1.0594369
1996	1.06111051
1996.083333	1.05210482
1996.166667	1.03110133
1996.25	0.997451134
1996.333333	0.95130478
1996.416667	0.893683875
1996.5	0.826486934
1996.583333	0.752426506
1996.666667	0.674899499
1996.75	0.59779749
1996.833333	0.525268286
1996.916667	0.461443821
1997	0.410152357
1997.083333	0.374634663
1997.166667	0.357284276
1997.25	0.359431013
1997.333333	0.381184662
1997.416667	0.421352329
1997.5	0.477438469
1997.583333	0.545731465
1997.666667	0.621475025
1997.75	0.699117043
1997.833333	0.77262324
1997.916667	0.835838251
1998	0.882873128
1998.083333	0.908495793
1998.166667	0.908499958
1998.25	0.880028497
1998.333333	0.821829315
1998.416667	0.734425156
1998.5	0.620183526
1998.583333	0.483278567
1998.666667	0.329543032
1998.75	0.16621513
1998.833333	0.00159147232
1998.916667	-0.15539671
1999	-0.295661827
1999.083333	-0.410466615
1999.166667	-0.491930825
1999.25	-0.533508751
1999.333333	-0.530409464
1999.416667	-0.479934237
1999.5	-0.381709887
1999.583333	-0.237802267
1999.666667	-0.052700659
1999.75	0.166829015
1999.833333	0.412016879
1999.916667	0.672475236
2000	0.936679179
2000.083333	1.19251717
2000.166667	1.42788296
2000.25	1.63127752
2000.333333	1.79238912
2000.416667	1.90262015
2000.5	1.95553268
2000.583333	1.94718847
2000.666667	1.87636517
2000.75	1.74463717
2000.833333	1.5563166
2000.916667	1.31825796
2001	1.03953688
2001.083333	0.7310204
2001.166667	0.404851857
2001.25	0.0738777536
2001.333333	-0.248953031
2001.416667	-0.55118637
2001.5	-0.821425579
2001.583333	-1.04983125
2001.666667	-1.22853372
2001.75	-1.35193871
2001.833333	-1.416913
2001.916667	-1.4228436
2002	-1.37157089
2002.083333	-1.26720307
2002.166667	-1.11582536
2002.25	-0.925122799
2002.333333	-0.703939503
2002.416667	-0.461800061
2002.5	-0.208419809
2002.583333	0.0467695392
2002.666667	0.295054314
2002.75	0.528811955
2002.833333	0.741805582
2002.916667	0.929388026
2003	1.08860892
2003.083333	1.21822412
2003.166667	1.31861236
2003.25	1.39160906
2003.333333	1.44027131
2003.416667	1.46859159
2003.5	1.48117939
2003.583333	1.48293119
2003.666667	1.47870834
2003.75	1.47304111
2003.833333	1.46987452
2003.916667	1.47236785
2004	1.48275627
2004.083333	1.50227818
2004.166667	1.53116812
2004.25	1.56871068
2004.333333	1.61334774
2004.416667	1.66282827
2004.5	1.71438816
2004.583333	1.76494666
2004.666667	1.81130563
2004.75	1.85033909
2004.833333	1.87916174
2004.916667	1.89526792
2005	1.89663473
2005.083333	1.88178632
2005.166667	1.84981919
2005.25	1.80039121
2005.333333	1.73367934
2005.416667	1.65031297
2005.5	1.55129094
2005.583333	1.43789085
2005.666667	1.31157894
2005.75	1.17392803
2005.833333	1.02654958
2005.916667	0.871043942
2006	0.708970934
2006.083333	0.541840566
2006.166667	0.371121702
2006.25	0.198264641
2006.333333	0.0247322289
2006.416667	-0.147966747
2006.5	-0.318248349
2006.583333	-0.484434586
2006.666667	-0.644749969
2006.75	-0.797337211
2006.833333	-0.940293921
2006.916667	-1.07173004
2007	-1.18984364
2007.083333	-1.2930106
2007.166667	-1.37988203
2007.25	-1.44948189
2007.333333	-1.50129657
2007.416667	-1.535348
2007.5	-1.55224259
2007.583333	-1.55318926
2007.666667	-1.53998198
2007.75	-1.51494422
2007.833333	-1.48083557
2007.916667	-1.44072353
2008	-1.39782603
2008.083333	-1.35533304
2008.166667	-1.31621737
2008.25	-1.2830463
2008.333333	-1.25780652
2008.416667	-1.24175435
2008.5	-1.23530283
2008.583333	-1.23795483
2008.666667	-1.24828942
2008.75	-1.26400528
2008.833333	-1.28202165
2008.916667	-1.29863357
2009	-1.30971462
2009.083333	-1.31095688
2009.166667	-1.29813547
2009.25	-1.26738231
2009.333333	-1.21545313
2009.416667	-1.13997116
2009.5	-1.03963191
2009.583333	-0.914355203
2009.666667	-0.765373182
2009.75	-0.595246888
2009.833333	-0.407807581
2009.916667	-0.208023728
2010	-0.0017988594
2010.083333	0.204290201
2010.166667	0.403301465
2010.25	0.588265942
2010.333333	0.752537364
2010.416667	0.890133937
2010.5	0.996052643
2010.583333	1.06653787
2010.666667	1.09928845
2010.75	1.09359058
2010.833333	1.05036814
2010.916667	0.97214656
2011	0.862931429
2011.083333	0.728007896
2011.166667	0.573671454
2011.25	0.406904811
2011.333333	0.23501867
2011.416667	0.0652763617
2011.5	-0.095476713
2011.583333	-0.241158175
2011.666667	-0.366749088
2011.75	-0.468533113
2011.833333	-0.544261398
2011.916667	-0.593234534
2012	-0.616297751
2012.083333	-0.6157506
2012.166667	-0.595177315
2012.25	-0.559208608
2012.333333	-0.513229576
2012.416667	-0.463051381
2012.5	-0.414566321
2012.583333	-0.373406625
2012.666667	-0.344626868
2012.75	-0.332428216
2012.833333	-0.339939976
2012.916667	-0.369070303
2013	-0.42043358
2013.083333	-0.493357284
2013.166667	-0.585966289
2013.25	-0.695337916
2013.333333	-0.817716838
2013.416667	-0.948775433
2013.5	-1.08390267
2013.583333	-1.21850301
2013.666667	-1.3482866
2013.75	-1.46953266
2013.833333	-1.57931002
2013.916667	-1.67564153
2014	-1.75760279
2014.083333	-1.82534976
2014.166667	-1.8800744
2014.25	-1.92389187
2014.333333	-1.95966717
2014.416667	-1.99079268
2014.5	-2.02093115
2014.583333	-2.0537405
2014.666667	-2.09259819
2014.75	-2.14034238
2014.833333	-2.19904625
2014.916667	-2.26983978
2015	-2.35278993
2015.083333	-2.44684709
2015.166667	-2.54986109
2015.25	-2.65866628
2015.333333	-2.76923066
2015.416667	-2.87686053
2015.5	-2.97644874
2015.583333	-3.06275205
2015.666667	-3.13068157
2015.75	-3.17558958
2015.833333	-3.19353621
2015.916667	-3.18152082
2016	-3.13766519
2016.083333	-3.06133803
2016.166667	-2.95321439
2016.25	-2.8152665
2016.333333	-2.65068707
2016.416667	-2.4637494
2016.5	-2.25961209
2016.583333	-2.04407928
2016.666667	-1.82332912
2016.75	-1.60362508
2016.833333	-1.39102501
2016.916667	-1.19110282
2017	-1.00869654
2017.083333	-0.847694894
2017.166667	-0.710872186
2017.25	-0.599778453
2017.333333	-0.514689046
2017.416667	-0.454614513
2017.5	-0.417368716
2017.583333	-0.399690362
2017.666667	-0.397410707
2017.75	-0.405658288
2017.833333	-0.419090205
2017.916667	-0.432138721
2018	-0.439261769
2018.083333	-0.43518639
2018.166667	-0.415134997
2018.25	-0.375025669
2018.333333	-0.311639318
2018.416667	-0.222748354
2018.5	-0.107203381
2018.583333	0.0350236433
2018.666667	0.2028396
2018.75	0.394071952
2018.833333	0.605548874
2018.916667	0.83321351
2019	1.07226723
2019.083333	1.31733623
2019.166667	1.5626554
2019.25	1.80226341
2019.333333	2.03020275
2019.416667	2.24071882
2019.5	2.42845235
2019.583333	2.58861971
2019.666667	2.71717595
2019.75	2.81095595
2019.833333	2.86778943
2019.916667	2.88658586
2020	2.8673863
2020.083333	2.8113794
2020.166667	2.72088001
2020.25	2.59926942
2020.333333	2.45089768
2020.416667	2.28094953
2020.5	2.09527667
2020.583333	1.90020097
2020.666667	1.70229406
2020.75	1.50814067
2020.833333	1.32409389
2020.916667	1.15603176
2021	1.00912509
2021.083333	0.887626735
2021.166667	0.794692319
2021.25	0.732241542
2021.333333	0.700868105
2021.416667	0.69980434
2021.5	0.72694447
2021.583333	0.778927799
2021.666667	0.851280233
2021.75	0.938609608
2021.833333	1.03484731
2021.916667	1.13352606
2022	1.22808128
2022.083333	1.31216189
